Index, X, Y, Disparity
0, 625.35, 885.39, 81.74
1, 653.35, 844.43, 80.06
2, 589.12, 844.54, 80.17
3, 604.94, 788.53, 80.26
4, 653.35, 844.43, 80.06
5, 672.23, 828.75, 80.20
6, 228.25, 533.60, 75.81
7, 219.72, 553.83, 76.95
8, 699.33, 784.51, 80.65
9, 475.80, 815.65, 78.82
10, 486.75, 852.65, 80.37
11, 277.27, 781.83, 83.78
12, 596.59, 941.19, 83.39
13, 414.54, 682.27, 74.77
14, 347.05, 625.27, 74.60
15, 672.23, 828.75, 80.20
16, 823.49, 1111.44, 96.98
17, 574.05, 854.44, 80.12
18, 823.50, 1106.68, 96.62
19, 359.98, 651.66, 75.19
20, 454.71, 1559.84, 111.73
21, 217.41, 569.18, 77.63
22, 442.93, 915.84, 83.55
23, 194.98, 483.66, 75.18
24, 197.44, 613.35, 80.30
25, 679.86, 836.41, 80.83
26, 652.54, 822.78, 80.11
27, 720.19, 1066.37, 91.09
28, 754.79, 853.70, 83.55
29, 777.62, 1023.53, 91.38
30, 492.36, 1379.96, 103.01
31, 655.45, 815.40, 79.68
32, 457.70, 936.25, 83.52
33, 553.78, 854.03, 79.83
34, 556.31, 865.16, 80.55
35, 795.03, 761.53, 81.26
36, 466.54, 713.84, 75.60
37, 418.80, 894.30, 83.11
38, 825.99, 768.11, 83.02
39, 516.98, 790.81, 77.56
40, 617.82, 924.41, 83.22
41, 781.30, 1072.02, 93.59
42, 958.16, 1279.87, 110.73
43, 396.50, 691.97, 75.91
44, 529.71, 851.77, 80.98
45, 752.35, 867.57, 84.06
46, 144.92, 625.25, 83.52
47, 396.50, 691.97, 75.91
48, 587.60, 1561.45, 111.15
49, 823.86, 1867.19, 128.59
50, 630.18, 816.42, 79.27
51, 194.98, 483.66, 75.18
52, 548.19, 881.43, 81.47
53, 986.05, 1235.53, 110.96
54, 978.94, 1282.07, 111.88
55, 717.24, 827.06, 81.09
56, 763.25, 1065.22, 92.33
57, 532.21, 763.42, 80.30
58, 740.00, 824.22, 81.01
59, 448.39, 827.81, 79.99
60, 411.18, 676.49, 75.38
61, 999.77, 1220.34, 112.75
62, 795.62, 756.34, 81.35
63, 619.37, 820.88, 79.29
64, 951.32, 1216.39, 108.61
65, 738.24, 809.88, 80.85
66, 817.83, 752.23, 82.20
67, 689.40, 1013.17, 88.14
68, 755.37, 856.45, 83.55
69, 547.51, 1003.60, 86.09
70, 507.85, 832.49, 79.31
71, 448.14, 784.81, 78.12
72, 407.70, 998.15, 87.99
73, 357.27, 1306.71, 102.69
74, 843.57, 766.80, 83.92
75, 1041.16, 1540.88, 124.13
76, 726.27, 1244.16, 99.35
77, 530.29, 817.94, 78.66
78, 103.41, 646.18, 86.04
79, 696.68, 836.00, 81.02
80, 845.92, 755.33, 83.73
81, 216.26, 580.66, 78.33
82, 590.33, 1566.97, 111.56
83, 225.79, 554.93, 76.79
84, 697.38, 1096.94, 91.97
85, 534.53, 816.53, 78.98
86, 412.51, 653.63, 74.47
87, 379.43, 676.63, 76.02
88, 740.78, 814.60, 81.44
89, 611.12, 1109.94, 91.08
90, 229.29, 521.39, 75.27
91, 512.38, 720.19, 78.61
92, 556.31, 865.16, 80.55
93, 369.77, 1808.58, 123.15
94, 392.21, 720.54, 77.09
95, 694.21, 1039.12, 90.23
96, 664.80, 837.03, 80.18
97, 371.65, 1409.96, 106.40
98, 483.07, 853.44, 80.58
99, 466.35, 1339.16, 101.31
100, 483.07, 853.44, 80.58
101, 867.39, 1393.12, 111.54
102, 829.45, 829.97, 85.37
103, 377.56, 704.44, 76.87
104, 958.16, 1279.87, 110.73
105, 850.49, 1365.13, 108.95
106, 828.78, 774.93, 83.18
107, 922.81, 1442.14, 115.70
108, 383.40, 684.19, 76.01
109, 833.13, 1231.14, 103.02
110, 455.97, 699.03, 75.34
111, 557.35, 887.44, 80.80
112, 350.18, 957.05, 87.98
113, 780.82, 1056.55, 92.92
114, 660.58, 1068.49, 89.88
115, 1001.38, 1263.78, 111.83
116, 208.06, 507.53, 75.69
117, 848.47, 762.02, 84.49
118, 223.49, 568.48, 77.49
119, 431.19, 872.44, 82.28
120, 391.14, 969.88, 87.19
121, 457.70, 936.25, 83.52
122, 848.91, 1355.58, 108.50
123, 743.59, 1049.02, 91.07
124, 835.04, 754.06, 83.06
125, 1012.83, 1270.78, 112.80
126, 402.46, 678.88, 75.25
127, 974.87, 1271.09, 111.42
128, 660.58, 1068.49, 89.88
129, 244.94, 900.78, 90.73
130, 759.62, 834.43, 82.53
131, 942.15, 1201.21, 106.87
132, 752.46, 1214.59, 98.55
133, 638.35, 1021.97, 87.69
134, 490.44, 1411.88, 104.29
135, 633.88, 887.15, 81.86
136, 361.38, 1300.03, 102.57
137, 560.87, 863.81, 81.04
138, 383.24, 935.17, 86.11
139, 965.49, 1218.80, 108.96
140, 699.64, 1667.70, 116.97
141, 416.83, 924.79, 84.72
142, 815.56, 1047.30, 94.06
143, 972.71, 1260.56, 110.70
144, 529.89, 987.90, 85.32
145, 185.71, 574.17, 79.20
146, 993.90, 1262.09, 111.92
147, 743.59, 1049.02, 91.07
148, 404.81, 716.28, 76.85
149, 208.06, 507.53, 75.69
150, 610.20, 934.05, 83.29
151, 1017.36, 1275.55, 113.14
152, 726.27, 1244.16, 99.35
153, 366.21, 673.46, 76.18
154, 844.50, 1104.01, 97.77
155, 541.35, 864.98, 80.43
156, 369.06, 683.77, 76.37
157, 529.17, 986.01, 85.20
158, 585.26, 1658.62, 115.41
159, 813.70, 849.54, 85.53
160, 371.10, 1261.58, 100.47
161, 261.29, 756.27, 83.33
162, 522.73, 1335.83, 100.69
163, 577.21, 1547.71, 110.51
164, 164.66, 1297.17, 109.78
165, 937.94, 1260.78, 109.22
166, 302.40, 965.77, 90.57
167, 801.64, 1059.90, 94.11
168, 496.97, 834.62, 79.38
169, 517.17, 974.20, 85.03
170, 377.88, 709.12, 76.99
171, 799.13, 1075.46, 94.44
172, 657.87, 1059.87, 89.35
173, 444.83, 709.54, 75.09
174, 813.84, 1003.68, 92.02
175, 770.57, 1134.90, 95.87
176, 141.27, 473.52, 77.08
177, 739.15, 874.71, 83.96
178, 785.07, 1052.03, 92.67
179, 609.35, 822.54, 79.25
180, 223.49, 568.48, 77.49
181, 392.28, 681.61, 75.98
182, 446.95, 691.60, 75.43
183, 444.15, 698.31, 75.79
184, 235.79, 845.66, 88.75
185, 371.47, 1116.76, 94.19
186, 720.65, 1034.28, 90.16
187, 954.32, 1348.25, 113.38
188, 548.56, 1557.81, 110.92
189, 521.06, 872.51, 80.54
190, 404.40, 900.03, 84.32
191, 103.41, 646.18, 86.04
192, 393.59, 1326.03, 102.43
193, 870.80, 1134.56, 100.28
194, 761.69, 1160.99, 96.87
195, 442.98, 1239.71, 97.41
196, 416.83, 924.79, 84.72
197, 287.48, 934.70, 89.80
198, 480.45, 839.95, 79.80
199, 783.40, 768.43, 81.09
200, 142.65, 612.85, 83.19
201, 465.99, 1773.26, 120.46
202, 946.32, 1271.33, 110.40
203, 964.23, 1251.45, 110.42
204, 369.77, 1808.58, 123.15
205, 1025.26, 1478.82, 120.40
206, 563.65, 866.63, 80.64
207, 145.60, 629.11, 83.65
208, 770.57, 1134.90, 95.87
209, 608.96, 1010.91, 86.65
210, 712.01, 820.20, 81.05
211, 966.02, 1546.06, 120.99
212, 319.92, 1067.67, 94.08
213, 348.30, 700.21, 77.78
214, 710.25, 1070.72, 91.11
215, 193.02, 860.90, 91.30
216, 950.59, 1205.05, 107.54
217, 329.50, 1782.02, 123.48
218, 728.41, 829.17, 81.56
219, 810.36, 858.97, 85.34
220, 824.89, 1080.68, 96.05
221, 358.81, 1185.69, 97.42
222, 428.26, 795.09, 79.40
223, 332.62, 1126.88, 95.98
224, 709.68, 1107.18, 92.66
225, 479.79, 1392.43, 104.00
226, 712.01, 820.20, 81.05
227, 650.02, 851.71, 80.79
228, 684.82, 1070.18, 90.29
229, 757.41, 1159.98, 97.09
230, 156.69, 618.81, 82.51
231, 437.54, 924.06, 83.87
232, 804.50, 1266.18, 102.97
233, 839.65, 1138.76, 99.16
234, 480.01, 1155.48, 93.40
235, 778.09, 1015.76, 90.91
236, 431.81, 864.52, 81.87
237, 558.37, 847.89, 79.69
238, 590.12, 846.63, 79.65
239, 764.69, 849.41, 83.91
240, 878.87, 1533.36, 116.96
241, 666.66, 1434.96, 106.40
242, 419.73, 1149.62, 94.47
243, 442.50, 803.16, 79.13
244, 919.29, 1335.34, 111.46
245, 365.34, 989.58, 89.10
246, 720.65, 1034.28, 90.16
247, 838.07, 1077.55, 96.77
248, 586.10, 1638.49, 114.48
249, 679.00, 1058.23, 89.92
250, 968.33, 1273.02, 111.13
251, 814.52, 770.03, 82.66
252, 452.81, 792.19, 78.66
253, 476.89, 1158.14, 93.59
254, 766.03, 1242.07, 100.55
255, 1013.52, 1439.21, 119.25
256, 519.58, 833.15, 79.32
257, 1013.52, 1439.21, 119.25
258, 814.48, 1038.91, 93.52
259, 991.60, 1290.92, 112.88
260, 316.45, 793.97, 82.64
261, 271.62, 922.18, 90.18
262, 425.03, 860.32, 81.98
263, 229.90, 567.83, 77.11
264, 143.56, 585.43, 81.35
265, 167.99, 502.26, 77.14
266, 449.81, 923.14, 83.69
267, 592.52, 873.51, 80.86
268, 229.61, 886.64, 90.60
269, 400.17, 706.08, 76.52
270, 848.17, 1248.70, 104.13
271, 617.79, 977.77, 85.12
272, 818.99, 1054.45, 94.49
273, 765.62, 1116.00, 94.67
274, 776.84, 829.71, 82.63
275, 496.59, 848.90, 80.23
276, 758.53, 1140.86, 95.51
277, 385.52, 992.85, 88.44
278, 332.76, 1119.99, 95.70
279, 357.74, 1645.59, 116.62
280, 978.94, 1282.07, 111.88
281, 396.57, 1331.87, 103.12
282, 901.09, 1523.25, 117.52
283, 915.98, 1448.85, 115.66
284, 478.10, 854.78, 80.62
285, 358.81, 1185.69, 97.42
286, 987.56, 1241.96, 110.91
287, 851.33, 1119.81, 98.91
288, 694.63, 936.42, 84.91
289, 845.82, 786.17, 84.60
290, 302.40, 965.77, 90.57
291, 202.54, 572.43, 78.64
292, 999.19, 1254.65, 111.65
293, 362.41, 1184.13, 97.72
294, 918.64, 1397.54, 113.69
295, 729.25, 1170.89, 96.07
296, 525.50, 830.23, 79.21
297, 938.94, 1562.00, 120.78
298, 800.11, 1057.00, 93.97
299, 523.07, 874.68, 80.64
300, 494.38, 1365.54, 102.34
301, 1030.65, 1308.23, 115.16
302, 638.73, 814.57, 79.16
303, 1008.82, 1293.72, 113.23
304, 491.88, 815.12, 79.08
305, 362.64, 993.76, 89.19
306, 726.47, 1059.43, 91.05
307, 819.87, 815.20, 84.49
308, 962.35, 1425.41, 116.42
309, 1031.82, 1474.02, 121.13
310, 746.78, 872.96, 84.17
311, 316.45, 793.97, 82.64
312, 486.32, 817.88, 78.58
313, 1050.44, 1315.78, 116.10
314, 358.23, 1476.05, 110.10
315, 287.13, 940.23, 90.43
316, 520.08, 829.37, 79.96
317, 268.30, 649.11, 78.64
318, 759.32, 1165.33, 96.73
319, 932.85, 1210.89, 107.13
320, 383.24, 935.17, 86.11
321, 683.14, 822.32, 80.03
322, 953.70, 1234.04, 109.11
323, 840.27, 1239.03, 103.34
324, 595.15, 963.86, 84.80
325, 715.03, 1135.53, 94.43
326, 902.10, 1377.32, 112.13
327, 428.43, 1381.01, 103.94
328, 233.48, 896.64, 91.49
329, 416.83, 924.79, 84.72
330, 478.10, 854.78, 80.62
331, 395.40, 1339.11, 103.31
332, 952.41, 1483.85, 117.93
333, 985.09, 1358.15, 115.47
334, 336.54, 1153.80, 97.01
335, 933.60, 1816.95, 130.58
336, 508.16, 976.29, 84.91
337, 914.52, 1335.40, 111.18
338, 395.36, 975.03, 87.34
339, 995.60, 1284.50, 112.67
340, 464.88, 832.80, 80.66
341, 568.17, 898.01, 81.67
342, 393.59, 1326.03, 102.43
343, 383.00, 1315.37, 102.51
344, 365.79, 1302.36, 102.26
345, 308.06, 932.62, 89.01
346, 519.68, 1379.92, 102.88
347, 938.94, 1562.00, 120.78
348, 732.24, 811.19, 80.81
349, 538.59, 854.70, 80.10
350, 349.91, 961.69, 88.33
351, 394.32, 676.80, 75.37
352, 365.79, 1302.36, 102.26
353, 376.73, 1489.86, 110.05
354, 981.67, 1404.14, 116.54
355, 815.56, 1047.30, 94.06
356, 342.49, 1153.74, 96.86
357, 719.78, 751.96, 80.84
358, 363.66, 1261.84, 100.44
359, 446.02, 1179.09, 95.08
360, 636.56, 1689.22, 116.88
361, 389.15, 977.59, 87.65
362, 541.95, 1425.13, 104.67
363, 607.91, 856.14, 80.50
364, 627.11, 838.93, 80.22
365, 636.56, 1689.22, 116.88
366, 265.24, 892.60, 89.74
367, 983.01, 1251.56, 110.65
368, 652.01, 1045.80, 88.86
369, 653.37, 819.10, 79.43
370, 178.61, 589.81, 80.19
371, 497.57, 768.97, 77.22
372, 407.12, 1174.50, 95.73
373, 799.96, 1083.05, 94.71
374, 234.14, 523.17, 74.96
375, 954.70, 1332.05, 112.62
376, 817.45, 717.19, 81.87
377, 821.48, 830.46, 85.54
378, 758.14, 1117.87, 94.45
379, 437.06, 807.34, 79.47
380, 343.61, 1032.83, 91.97
381, 442.64, 1452.70, 107.05
382, 673.60, 1136.02, 93.22
383, 916.45, 1435.23, 114.94
384, 753.36, 1135.39, 95.35
385, 357.47, 1253.07, 100.54
386, 708.43, 1074.81, 91.21
387, 467.48, 861.52, 81.34
388, 731.75, 847.16, 82.80
389, 452.56, 941.93, 84.44
390, 619.13, 883.00, 81.81
391, 215.16, 506.03, 75.12
392, 381.03, 1533.48, 111.66
393, 289.53, 1056.70, 94.97
394, 574.12, 960.20, 84.29
395, 370.67, 897.81, 84.90
396, 289.53, 1056.70, 94.97
397, 851.93, 1135.53, 99.69
398, 613.05, 973.18, 85.07
399, 697.00, 842.87, 81.21
400, 685.12, 837.29, 80.76
401, 420.79, 854.62, 81.72
402, 878.07, 1184.97, 103.15
403, 736.64, 857.58, 83.00
404, 852.68, 1550.44, 116.52
405, 425.67, 856.72, 81.69
406, 661.02, 823.09, 80.13
407, 673.21, 852.01, 81.31
408, 403.47, 847.21, 81.66
409, 843.04, 1166.83, 100.58
410, 433.96, 785.59, 79.08
411, 435.57, 1714.06, 118.34
412, 690.42, 1002.99, 87.82
413, 893.96, 1408.28, 113.16
414, 995.60, 1284.50, 112.67
415, 513.10, 1761.60, 119.66
416, 908.06, 1412.44, 113.64
417, 562.88, 1014.44, 86.72
418, 518.95, 1564.26, 111.16
419, 238.46, 522.48, 74.95
420, 563.23, 1530.11, 109.95
421, 153.14, 1297.29, 110.68
422, 810.36, 858.97, 85.34
423, 225.48, 541.57, 76.19
424, 511.43, 1469.53, 107.10
425, 357.62, 1176.20, 97.31
426, 363.82, 1348.45, 104.35
427, 215.79, 528.49, 75.86
428, 1020.90, 1755.06, 132.67
429, 751.18, 1160.45, 96.47
430, 445.54, 1244.40, 97.59
431, 241.68, 559.82, 76.19
432, 471.64, 826.43, 79.99
433, 384.56, 811.91, 81.10
434, 430.92, 798.13, 79.02
435, 346.36, 1174.34, 97.30
436, 886.89, 1416.73, 113.59
437, 568.64, 1028.84, 87.15
438, 396.77, 640.18, 74.29
439, 806.85, 1110.85, 96.36
440, 518.96, 1091.03, 90.66
441, 927.97, 1238.96, 108.02
442, 956.39, 1236.44, 109.15
443, 855.22, 1195.19, 102.22
444, 194.12, 518.05, 76.74
445, 567.09, 956.67, 84.42
446, 204.31, 512.24, 75.47
447, 813.70, 1098.56, 96.20
448, 988.90, 1268.81, 111.87
449, 994.73, 1258.96, 111.70
450, 97.33, 663.55, 87.35
451, 564.90, 1424.70, 104.90
452, 308.50, 783.05, 82.57
453, 217.84, 509.01, 75.02
454, 225.79, 554.93, 76.79
455, 834.03, 958.16, 90.68
456, 501.65, 1840.50, 122.97
457, 436.93, 708.93, 75.82
458, 529.00, 807.48, 78.87
459, 938.09, 1360.04, 113.06
460, 175.83, 1594.39, 121.83
461, 443.73, 814.55, 79.85
462, 748.03, 868.85, 83.99
463, 956.09, 1249.36, 109.42
464, 419.14, 667.04, 74.82
465, 639.54, 1067.85, 89.64
466, 177.48, 1340.65, 111.41
467, 433.14, 921.92, 84.12
468, 995.63, 1330.18, 114.44
469, 651.59, 903.44, 82.58
470, 652.83, 1042.35, 88.79
471, 407.18, 1396.58, 105.64
472, 766.39, 843.52, 83.06
473, 430.88, 867.67, 82.11
474, 709.68, 1107.18, 92.66
475, 610.59, 1056.36, 88.62
476, 652.83, 1042.35, 88.79
477, 748.03, 868.85, 83.99
478, 433.57, 1355.38, 103.02
479, 543.92, 899.55, 81.77
480, 630.89, 815.38, 79.31
481, 695.59, 1262.85, 99.46
482, 322.92, 609.69, 74.98
483, 973.77, 1416.58, 116.52
484, 789.89, 1062.72, 93.43
485, 948.75, 1202.47, 108.24
486, 444.36, 1276.65, 99.43
487, 793.06, 1010.32, 91.60
488, 938.09, 1360.04, 113.06
489, 936.86, 1253.33, 108.94
490, 875.83, 1160.40, 101.79
491, 985.15, 1288.98, 112.51
492, 708.40, 896.02, 84.16
493, 256.05, 924.58, 90.87
494, 774.24, 1045.27, 92.11
495, 789.89, 1062.72, 93.43
496, 721.21, 1164.10, 95.28
497, 379.90, 1405.64, 105.86
498, 890.14, 1392.02, 112.50
499, 178.61, 589.81, 80.19
500, 201.18, 488.73, 74.56
501, 858.88, 1119.79, 99.27
502, 403.18, 994.26, 88.13
503, 1067.02, 1383.01, 119.62
504, 933.60, 1816.95, 130.58
505, 976.48, 1234.11, 109.83
506, 839.95, 805.94, 85.04
507, 509.10, 1586.62, 112.16
508, 367.44, 1115.04, 94.19
509, 371.10, 1261.58, 100.47
510, 446.02, 1179.09, 95.08
511, 739.46, 998.79, 88.85
512, 377.88, 709.12, 76.99
513, 140.86, 1288.22, 110.68
514, 342.06, 854.70, 84.59
515, 399.01, 1344.48, 103.03
516, 546.53, 1552.21, 110.98
517, 379.35, 1306.97, 101.86
518, 356.16, 1478.72, 110.09
519, 727.79, 815.23, 80.55
520, 405.37, 945.55, 86.21
521, 722.73, 1157.09, 94.79
522, 810.44, 1063.61, 94.55
523, 161.27, 498.72, 77.18
524, 180.79, 610.36, 81.23
525, 973.73, 1252.91, 110.36
526, 758.51, 1151.14, 96.13
527, 766.60, 840.39, 83.28
528, 844.12, 828.89, 85.66
529, 491.49, 1787.66, 120.81
530, 960.50, 1328.43, 112.94
531, 958.73, 1352.21, 113.42
532, 346.33, 1221.09, 99.56
533, 892.88, 1423.80, 112.23
534, 761.92, 1031.10, 90.74
535, 966.02, 1546.06, 120.99
536, 660.13, 1633.36, 115.01
537, 595.29, 982.68, 85.31
538, 735.43, 984.61, 87.65
539, 783.41, 987.88, 90.32
540, 202.35, 1439.20, 113.72
541, 227.25, 834.37, 88.67
542, 792.01, 1051.94, 92.67
543, 315.78, 1496.96, 111.71
544, 384.89, 1000.38, 88.69
545, 623.14, 975.14, 85.33
546, 392.27, 1105.04, 92.99
547, 831.65, 1105.99, 97.11
548, 975.95, 1466.64, 118.49
549, 681.42, 1655.90, 115.85
550, 310.91, 780.52, 82.53
551, 156.99, 1725.57, 127.87
552, 582.89, 943.10, 83.77
553, 394.71, 1346.04, 103.22
554, 839.35, 855.46, 86.59
555, 342.67, 1344.90, 104.50
556, 700.80, 844.89, 81.63
557, 488.64, 757.52, 76.76
558, 886.05, 1387.28, 112.11
559, 659.73, 1072.76, 90.20
560, 676.58, 1079.89, 90.88
561, 435.58, 1372.38, 103.77
562, 134.97, 473.26, 77.55
563, 459.89, 1114.80, 92.13
564, 841.86, 1339.53, 107.73
565, 384.41, 957.79, 87.15
566, 458.10, 997.52, 86.54
567, 847.90, 1124.90, 99.23
568, 918.53, 1174.57, 104.83
569, 957.85, 1391.87, 114.57
570, 648.15, 989.42, 86.13
571, 1019.94, 1298.02, 114.25
572, 381.91, 738.56, 78.06
573, 440.46, 1169.63, 94.80
574, 1060.92, 1373.03, 118.79
575, 357.77, 954.14, 87.71
576, 357.39, 978.28, 88.72
577, 357.77, 954.14, 87.71
578, 400.63, 719.56, 76.55
579, 521.06, 872.51, 80.54
580, 217.48, 523.04, 75.97
581, 407.11, 1083.25, 91.61
582, 510.15, 1420.55, 104.97
583, 515.46, 1814.08, 121.96
584, 500.56, 956.75, 84.27
585, 386.02, 894.24, 84.62
586, 748.73, 1115.03, 94.55
587, 675.44, 1153.66, 94.07
588, 614.03, 1352.35, 101.87
589, 324.59, 1429.89, 108.38
590, 965.62, 1297.64, 112.12
591, 418.43, 887.18, 82.90
592, 458.10, 997.52, 86.54
593, 964.33, 1243.82, 109.69
594, 491.51, 919.52, 82.87
595, 323.55, 1435.02, 108.81
596, 417.09, 1164.64, 95.20
597, 174.64, 488.61, 76.42
598, 825.43, 1297.59, 105.29
599, 979.07, 1253.03, 110.68
600, 803.67, 1122.00, 96.83
601, 444.15, 698.31, 75.79
602, 670.23, 1715.05, 118.30
603, 481.17, 1402.23, 104.35
604, 1042.11, 1349.06, 117.04
605, 1005.06, 1321.41, 114.14
606, 743.18, 1046.07, 91.29
607, 1006.09, 1290.86, 113.17
608, 920.67, 1427.69, 114.73
609, 239.59, 567.24, 76.71
610, 524.37, 849.61, 79.59
611, 334.76, 783.53, 81.67
612, 783.36, 1205.20, 100.12
613, 859.51, 1262.10, 105.42
614, 494.38, 1365.54, 102.34
615, 697.50, 932.47, 85.27
616, 449.51, 1264.74, 98.50
617, 897.64, 1470.28, 115.42
618, 973.18, 1351.77, 114.21
619, 209.67, 515.33, 75.88
620, 569.54, 860.80, 80.37
621, 398.89, 1574.91, 112.98
622, 179.39, 495.20, 76.12
623, 720.19, 1143.46, 94.86
624, 983.01, 1251.56, 110.65
625, 626.30, 1101.30, 91.03
626, 697.53, 1588.07, 114.08
627, 681.37, 917.08, 84.29
628, 538.87, 1404.52, 103.86
629, 660.13, 1633.36, 115.01
630, 944.08, 1367.53, 113.83
631, 787.55, 1794.48, 124.15
632, 792.30, 832.63, 83.63
633, 231.98, 527.41, 75.25
634, 779.90, 765.20, 80.86
635, 803.32, 1315.17, 105.31
636, 862.78, 1274.01, 105.87
637, 569.92, 1703.34, 117.09
638, 527.10, 837.66, 79.80
639, 1029.51, 1311.28, 115.02
640, 751.18, 1160.45, 96.47
641, 815.07, 990.91, 91.17
642, 925.66, 1212.08, 106.37
643, 292.29, 815.75, 84.52
644, 882.22, 1409.74, 112.20
645, 501.65, 1840.50, 122.97
646, 928.13, 1248.25, 108.12
647, 515.96, 1043.98, 87.94
648, 795.03, 1814.98, 125.01
649, 528.37, 1000.67, 86.11
650, 940.68, 1229.44, 108.18
651, 569.30, 1541.66, 109.87
652, 765.12, 1072.09, 92.98
653, 364.19, 1338.47, 103.81
654, 598.76, 1560.20, 111.43
655, 840.56, 1324.95, 106.88
656, 360.65, 930.61, 86.71
657, 834.61, 768.46, 83.36
658, 783.40, 768.43, 81.09
659, 476.00, 1287.49, 99.29
660, 388.02, 1343.74, 103.79
661, 488.49, 1813.50, 121.88
662, 561.83, 1889.96, 124.93
663, 780.38, 1323.70, 104.32
664, 485.05, 1304.40, 99.70
665, 393.20, 1053.97, 90.69
666, 336.22, 1793.98, 123.41
667, 799.56, 1851.40, 126.61
668, 507.69, 816.65, 78.49
669, 820.08, 1037.25, 93.46
670, 430.34, 1173.08, 95.31
671, 310.30, 1776.96, 124.19
672, 202.35, 1439.20, 113.72
673, 507.69, 816.65, 78.49
674, 379.11, 1206.01, 97.77
675, 739.58, 1030.93, 90.48
676, 493.77, 851.03, 80.01
677, 620.03, 1083.28, 89.70
678, 572.22, 1669.52, 115.76
679, 919.90, 1445.45, 116.06
680, 869.39, 1402.83, 111.71
681, 595.67, 852.66, 80.28
682, 481.17, 1402.23, 104.35
683, 384.91, 905.34, 84.60
684, 182.97, 613.79, 80.53
685, 771.33, 850.44, 83.71
686, 436.27, 810.03, 79.61
687, 845.50, 1131.27, 99.19
688, 748.73, 1115.03, 94.55
689, 568.46, 1525.26, 109.36
690, 567.21, 976.34, 85.04
691, 931.98, 1408.15, 114.70
692, 379.23, 1882.44, 126.40
693, 915.21, 1330.15, 110.73
694, 592.52, 873.51, 80.86
695, 484.67, 1816.64, 121.63
696, 998.69, 1283.68, 112.69
697, 533.67, 1624.71, 114.13
698, 179.44, 613.11, 81.40
699, 602.79, 1047.92, 88.13
700, 826.41, 1179.04, 100.36
701, 115.45, 629.39, 84.97
702, 535.31, 864.87, 80.95
703, 1025.93, 1425.64, 118.98
704, 365.21, 1893.68, 127.28
705, 302.14, 1431.82, 109.91
706, 97.33, 663.55, 87.35
707, 614.58, 842.13, 80.09
708, 286.44, 1431.08, 110.03
709, 1007.21, 1269.92, 112.30
710, 174.64, 488.61, 76.42
711, 965.07, 1571.04, 122.02
712, 688.79, 857.90, 82.02
713, 896.93, 1308.88, 109.49
714, 899.55, 1465.92, 115.40
715, 945.46, 1269.08, 109.89
716, 838.96, 1331.18, 106.96
717, 234.85, 570.86, 76.87
718, 860.67, 1364.24, 109.78
719, 353.86, 1805.07, 123.83
720, 328.71, 1624.48, 116.61
721, 854.15, 1119.37, 99.31
722, 739.15, 874.71, 83.96
723, 407.11, 1083.25, 91.61
724, 484.67, 1816.64, 121.63
725, 752.24, 1042.54, 91.16
726, 319.48, 1828.14, 125.46
727, 580.86, 1637.97, 114.51
728, 796.65, 1189.23, 99.26
729, 1001.16, 1365.28, 116.04
730, 585.89, 1094.05, 90.10
731, 449.51, 1264.74, 98.50
732, 201.06, 1442.61, 113.90
733, 844.39, 1333.27, 108.09
734, 531.29, 1886.00, 124.51
735, 719.02, 1134.29, 94.29
736, 839.94, 972.63, 91.41
737, 608.36, 949.87, 84.12
738, 477.04, 866.77, 80.76
739, 708.40, 896.02, 84.16
740, 336.22, 1793.98, 123.41
741, 380.97, 1715.99, 119.35
742, 763.39, 1122.90, 94.77
743, 759.32, 1165.33, 96.73
744, 836.50, 1365.36, 108.84
745, 343.43, 1722.90, 120.74
746, 432.51, 1290.03, 100.09
747, 277.66, 923.49, 90.02
748, 673.30, 1181.58, 95.26
749, 874.43, 1164.21, 103.02
750, 467.64, 1147.34, 93.19
751, 332.49, 1106.17, 95.38
752, 693.51, 823.29, 80.39
753, 491.64, 1134.31, 93.02
754, 786.12, 1881.05, 128.03
755, 387.26, 1733.87, 119.70
756, 649.24, 836.65, 79.59
757, 384.72, 1334.44, 103.29
758, 940.00, 1379.78, 113.59
759, 865.09, 1467.19, 114.68
760, 466.13, 707.34, 75.08
761, 271.90, 642.23, 78.26
762, 519.84, 945.32, 83.57
763, 337.60, 1675.28, 118.53
764, 330.12, 1385.59, 107.12
765, 1006.09, 1290.86, 113.17
766, 620.92, 1022.34, 87.56
767, 341.57, 1392.01, 106.69
768, 874.24, 1383.65, 111.25
769, 193.42, 518.60, 76.61
770, 671.70, 1080.37, 90.72
771, 373.99, 1727.53, 119.65
772, 1042.87, 1302.15, 115.19
773, 647.08, 1289.71, 99.70
774, 760.04, 1099.64, 93.65
775, 841.74, 809.29, 84.88
776, 841.25, 1229.08, 103.55
777, 353.38, 1473.55, 109.69
778, 319.78, 1098.27, 95.42
779, 849.08, 1154.50, 99.92
780, 158.17, 583.99, 80.84
781, 314.32, 810.37, 83.44
782, 783.40, 768.43, 81.09
783, 178.43, 475.55, 75.24
784, 654.13, 1086.93, 90.79
785, 799.56, 843.13, 84.55
786, 411.20, 1301.13, 100.93
787, 928.62, 1428.38, 115.48
788, 669.68, 926.26, 84.05
789, 592.23, 936.87, 83.21
790, 620.03, 1083.28, 89.70
791, 878.34, 1215.06, 104.25
792, 943.88, 1285.59, 110.17
793, 820.85, 1314.08, 105.60
794, 415.80, 1398.64, 104.82
795, 471.59, 1323.03, 101.02
796, 965.07, 1571.04, 122.02
797, 391.03, 1161.30, 95.19
798, 645.98, 845.72, 80.57
799, 375.19, 804.55, 80.88
800, 386.02, 894.24, 84.62
801, 315.78, 798.30, 83.14
802, 860.67, 1364.24, 109.78
803, 346.61, 849.32, 83.67
804, 450.47, 984.33, 86.00
805, 566.96, 913.40, 82.17
806, 340.36, 783.71, 81.07
807, 311.47, 594.53, 74.63
808, 882.66, 1446.18, 112.99
809, 677.68, 933.12, 84.32
810, 373.89, 1604.55, 115.18
811, 580.35, 1105.14, 90.81
812, 666.19, 854.13, 81.17
813, 838.33, 1103.36, 97.99
814, 825.51, 1316.04, 105.29
815, 391.69, 975.35, 87.97
816, 512.82, 1566.58, 111.49
817, 673.21, 852.01, 81.31
818, 760.48, 1892.46, 127.82
819, 766.51, 955.49, 87.81
820, 906.06, 1174.62, 102.71
821, 490.38, 1911.67, 125.47
822, 341.57, 1392.01, 106.69
823, 319.78, 1098.27, 95.42
824, 844.39, 1333.27, 108.09
825, 145.23, 475.76, 77.27
826, 449.81, 923.14, 83.69
827, 295.64, 891.24, 87.95
828, 372.18, 1146.87, 94.98
829, 324.59, 1429.89, 108.38
830, 718.00, 997.99, 87.61
831, 189.97, 547.29, 78.15
832, 573.94, 976.23, 84.90
833, 326.64, 648.87, 76.28
834, 233.21, 1845.54, 129.43
835, 561.83, 1889.96, 124.93
836, 574.12, 960.20, 84.29
837, 406.11, 887.58, 83.54
838, 985.51, 1349.60, 114.73
839, 294.40, 1500.82, 112.85
840, 520.20, 824.68, 79.05
841, 981.23, 1317.53, 113.24
842, 875.63, 1401.57, 111.62
843, 400.52, 694.58, 75.24
844, 567.63, 1109.83, 90.71
845, 414.85, 1611.36, 114.41
846, 203.30, 566.14, 78.29
847, 671.58, 1806.42, 122.15
848, 524.86, 797.80, 77.97
849, 395.15, 701.27, 76.22
850, 786.97, 951.49, 88.51
851, 702.34, 1277.46, 100.22
852, 132.92, 477.16, 77.51
853, 327.94, 1042.28, 92.47
854, 233.86, 557.92, 76.63
855, 132.54, 619.07, 83.62
856, 417.46, 675.01, 75.09
857, 623.88, 1062.16, 88.75
858, 888.04, 1401.41, 112.95
859, 660.74, 1046.72, 88.53
860, 295.10, 1415.21, 109.09
861, 376.19, 920.40, 86.09
862, 726.16, 1196.29, 97.11
863, 632.85, 1640.17, 114.94
864, 277.33, 1662.61, 120.23
865, 349.92, 1657.37, 117.51
866, 494.38, 1365.54, 102.34
867, 404.40, 900.03, 84.32
868, 337.60, 1675.28, 118.53
869, 535.34, 990.58, 84.37
870, 172.63, 476.51, 76.15
871, 966.02, 1223.86, 109.17
872, 645.33, 1090.81, 90.81
873, 547.21, 1490.64, 107.63
874, 115.96, 622.25, 84.77
875, 332.24, 1412.03, 107.84
876, 938.22, 1491.90, 117.66
877, 529.80, 848.67, 79.82
878, 251.54, 1746.77, 124.21
879, 1064.21, 1324.52, 117.55
880, 613.06, 874.93, 80.90
881, 335.79, 1409.58, 107.90
882, 404.72, 692.05, 75.68
883, 780.50, 847.00, 83.98
884, 363.54, 1823.58, 124.06
885, 274.46, 1896.20, 129.93
886, 957.32, 1399.08, 115.41
887, 1029.51, 1311.28, 115.02
888, 940.68, 1229.44, 108.18
889, 487.65, 947.79, 83.93
890, 777.87, 799.77, 81.98
891, 332.05, 1896.22, 127.83
892, 143.43, 1759.66, 130.04
893, 242.14, 1791.31, 126.35
894, 525.09, 877.40, 81.15
895, 853.25, 1553.56, 116.89
896, 266.80, 889.35, 89.29
897, 911.27, 1383.57, 112.91
898, 368.52, 954.05, 87.14
899, 364.61, 996.70, 89.07
900, 293.52, 959.38, 90.73
901, 300.80, 783.87, 82.87
902, 193.06, 573.98, 78.88
903, 264.96, 902.59, 89.11
904, 244.50, 903.46, 90.70
905, 150.46, 548.05, 79.57
906, 702.34, 1277.46, 100.22
907, 986.67, 1250.80, 111.24
908, 573.83, 1169.55, 93.90
909, 1029.24, 1327.37, 115.69
910, 609.69, 877.14, 81.20
911, 488.49, 1813.50, 121.88
912, 495.51, 1004.94, 86.58
913, 567.55, 960.48, 83.77
914, 569.11, 842.17, 79.84
915, 998.56, 1294.53, 113.12
916, 929.76, 1335.72, 111.48
917, 650.93, 1262.93, 98.53
918, 424.18, 797.57, 79.08
919, 831.51, 740.49, 82.33
920, 495.51, 1004.94, 86.58
921, 287.94, 885.74, 87.75
922, 352.07, 803.61, 81.72
923, 816.55, 767.62, 83.30
924, 340.19, 1898.49, 127.83
925, 932.35, 1252.09, 108.87
926, 222.55, 1469.70, 113.94
927, 631.92, 1471.45, 107.54
928, 373.89, 1604.55, 115.18
929, 814.43, 1050.61, 93.89
930, 630.61, 833.58, 79.62
931, 169.38, 1656.01, 124.34
932, 693.51, 823.29, 80.39
933, 252.72, 1799.59, 126.94
934, 406.11, 887.58, 83.54
935, 902.97, 1164.78, 104.19
936, 515.96, 1043.98, 87.94
937, 326.17, 1415.22, 108.46
938, 348.71, 1677.66, 118.55
939, 842.03, 1095.58, 97.68
940, 138.44, 486.89, 77.66
941, 954.98, 1335.02, 112.85
942, 449.68, 1627.00, 114.52
943, 557.76, 1899.31, 125.36
944, 295.10, 1415.21, 109.09
945, 521.87, 1690.20, 116.51
946, 740.58, 852.33, 82.78
947, 151.51, 605.19, 82.44
948, 373.11, 1651.15, 116.70
949, 1041.80, 1308.90, 115.61
950, 697.02, 928.22, 84.17
951, 564.73, 837.19, 80.10
952, 1058.51, 1307.93, 115.99
953, 752.72, 1141.08, 95.56
954, 820.08, 1037.25, 93.46
955, 133.99, 1282.65, 110.88
956, 772.31, 1880.70, 127.45
957, 556.31, 1520.02, 109.07
958, 129.36, 586.71, 82.74
959, 244.12, 1825.14, 128.06
960, 201.36, 611.65, 80.15
961, 445.02, 1865.77, 124.32
962, 309.19, 1424.72, 109.24
963, 197.85, 1763.86, 127.56
964, 552.86, 1863.04, 123.68
965, 555.43, 1505.95, 108.64
966, 289.53, 1056.70, 94.97
967, 322.92, 609.69, 74.98
968, 364.15, 1759.10, 121.27
969, 371.73, 629.11, 74.04
970, 810.33, 1051.83, 93.90
971, 591.97, 1584.53, 112.55
972, 938.07, 1264.78, 108.79
973, 760.02, 845.07, 82.97
974, 480.71, 910.90, 82.09
975, 1050.14, 1365.79, 118.09
976, 932.92, 1284.88, 109.93
977, 494.78, 1493.45, 108.19
978, 694.68, 954.02, 85.34
979, 363.99, 1419.69, 107.54
980, 391.04, 902.63, 83.80
981, 864.49, 1155.40, 101.32
982, 432.88, 1906.07, 126.47
983, 221.92, 697.98, 82.75
984, 427.90, 1661.15, 116.24
985, 860.82, 1157.84, 101.32
986, 568.46, 1525.26, 109.36
987, 84.81, 458.64, 80.31
988, 981.23, 1317.53, 113.24
989, 310.91, 780.52, 82.53
990, 322.27, 1038.09, 92.78
991, 647.33, 1845.41, 123.23
992, 564.90, 1424.70, 104.90
993, 717.28, 847.71, 82.29
994, 268.50, 671.27, 79.42
995, 408.90, 1629.71, 114.96
996, 911.58, 1237.28, 107.00
997, 603.31, 1388.60, 103.61
998, 393.23, 1362.55, 104.32
999, 195.59, 769.12, 87.14
1000, 542.30, 1161.58, 93.62
1001, 332.26, 1493.03, 111.22
1002, 444.60, 792.95, 79.00
1003, 203.46, 1813.08, 129.50
1004, 980.12, 1410.84, 116.65
1005, 410.70, 1833.28, 123.57
1006, 364.15, 1759.10, 121.27
1007, 952.87, 1281.60, 110.94
1008, 845.72, 849.76, 86.42
1009, 728.23, 1305.09, 103.17
1010, 665.18, 1089.26, 91.02
1011, 359.48, 1762.63, 121.42
1012, 445.95, 664.57, 75.92
1013, 946.30, 1475.45, 117.60
1014, 392.10, 1780.69, 121.66
1015, 439.42, 915.63, 83.57
1016, 819.43, 1122.70, 97.56
1017, 693.82, 1169.59, 94.78
1018, 952.07, 1443.84, 116.79
1019, 368.10, 1051.10, 91.54
1020, 181.63, 627.05, 81.79
1021, 470.57, 924.52, 83.56
1022, 111.31, 480.00, 78.93
1023, 322.46, 1426.69, 108.94
1024, 903.20, 1589.67, 120.17
1025, 1054.93, 1361.52, 118.29
1026, 474.70, 741.55, 76.20
1027, 453.65, 1834.12, 123.12
1028, 633.29, 999.34, 86.73
1029, 840.13, 1116.04, 98.53
1030, 413.18, 1396.03, 105.19
1031, 557.76, 1899.31, 125.36
1032, 923.09, 1375.11, 112.89
1033, 630.87, 848.50, 80.43
1034, 260.28, 873.46, 88.66
1035, 732.68, 1033.22, 89.77
1036, 146.92, 1286.15, 110.28
1037, 392.09, 863.91, 82.67
1038, 101.98, 669.52, 87.92
1039, 323.16, 1034.08, 92.32
1040, 694.75, 1302.20, 101.26
1041, 895.56, 1440.76, 114.07
1042, 954.98, 1335.02, 112.85
1043, 513.85, 1898.92, 125.31
1044, 941.90, 1398.93, 114.46
1045, 840.08, 789.70, 84.50
1046, 264.96, 902.59, 89.11
1047, 295.47, 1808.46, 125.34
1048, 947.03, 1365.43, 113.47
1049, 460.96, 1150.15, 93.31
1050, 216.96, 1629.91, 121.18
1051, 316.70, 1420.45, 108.94
1052, 560.06, 1672.84, 116.00
1053, 500.05, 1904.14, 125.71
1054, 681.46, 1877.15, 125.25
1055, 349.43, 1711.43, 119.75
1056, 313.47, 1603.72, 116.21
1057, 825.51, 1316.04, 105.29
1058, 786.97, 951.49, 88.51
1059, 788.49, 1022.93, 92.56
1060, 447.96, 800.10, 79.00
1061, 689.14, 826.43, 80.79
1062, 294.19, 795.01, 83.49
1063, 649.48, 1034.10, 87.93
1064, 620.68, 846.83, 79.84
1065, 304.98, 1863.39, 127.62
1066, 849.81, 1244.70, 104.67
1067, 541.95, 1425.13, 104.67
1068, 475.31, 697.73, 75.41
1069, 735.43, 984.61, 87.65
1070, 549.54, 837.85, 79.85
1071, 1041.01, 1367.36, 117.13
1072, 954.33, 1288.06, 110.98
1073, 910.13, 1516.68, 117.72
1074, 588.98, 961.99, 84.31
1075, 333.98, 1094.46, 94.46
1076, 216.96, 1629.91, 121.18
1077, 1021.33, 1337.83, 115.89
1078, 350.80, 1246.84, 99.83
1079, 659.16, 809.29, 78.95
1080, 874.95, 1316.07, 108.16
1081, 803.82, 886.55, 86.83
1082, 901.45, 1520.98, 117.33
1083, 424.35, 1840.40, 123.55
1084, 427.90, 1661.15, 116.24
1085, 886.05, 1387.28, 112.11
1086, 1036.28, 1300.01, 115.68
1087, 840.72, 757.84, 82.93
1088, 268.50, 671.27, 79.42
1089, 954.70, 1332.05, 112.62
1090, 361.37, 1782.51, 122.63
1091, 731.35, 963.47, 87.30
1092, 954.33, 1288.06, 110.98
1093, 405.37, 945.55, 86.21
1094, 933.13, 1242.84, 108.43
1095, 945.85, 1389.94, 114.70
1096, 136.50, 1745.52, 130.07
1097, 973.77, 1416.58, 116.52
1098, 895.56, 1440.76, 114.07
1099, 635.17, 838.44, 80.14
1100, 160.81, 614.25, 82.16
1101, 200.23, 494.65, 75.01
1102, 891.12, 1305.07, 108.19
1103, 1009.45, 1334.03, 114.80
1104, 297.46, 1802.94, 124.94
1105, 419.22, 850.04, 81.25
1106, 409.15, 1829.56, 123.45
1107, 516.23, 966.43, 84.60
1108, 782.05, 942.67, 88.08
1109, 837.96, 1120.82, 98.10
1110, 1041.01, 1367.36, 117.13
1111, 937.65, 1460.28, 116.90
1112, 407.19, 1733.36, 119.14
1113, 840.37, 1207.88, 102.15
1114, 1002.88, 1357.97, 115.91
1115, 292.03, 819.05, 84.98
1116, 337.44, 790.53, 81.81
1117, 179.39, 495.20, 76.12
1118, 335.82, 1909.19, 128.27
1119, 873.23, 1180.47, 102.72
1120, 269.06, 1881.16, 129.40
1121, 560.06, 1672.84, 116.00
1122, 660.38, 833.45, 80.71
1123, 875.44, 1144.47, 101.64
1124, 1074.50, 1324.73, 117.47
1125, 838.05, 737.92, 82.78
1126, 418.24, 1856.77, 124.38
1127, 589.11, 1635.22, 114.19
1128, 983.91, 1405.54, 115.91
1129, 327.20, 1880.75, 127.41
1130, 498.29, 1466.60, 106.89
1131, 136.50, 1745.52, 130.07
1132, 1008.95, 1355.12, 115.58
1133, 386.02, 1193.39, 97.77
1134, 218.91, 601.13, 78.23
1135, 195.59, 769.12, 87.14
1136, 803.71, 781.65, 82.39
1137, 273.51, 1725.68, 122.37
1138, 194.53, 1362.99, 111.02
1139, 561.04, 1367.99, 102.52
1140, 313.36, 1831.37, 125.83
1141, 770.77, 1060.59, 92.75
1142, 715.60, 1110.03, 93.31
1143, 275.97, 929.96, 90.04
1144, 941.49, 1390.60, 114.31
1145, 969.76, 1283.23, 111.40
1146, 157.69, 1345.55, 112.50
1147, 927.87, 1279.02, 109.42
1148, 649.56, 1906.55, 126.25
1149, 537.27, 1349.77, 102.31
1150, 509.61, 729.77, 76.91
1151, 397.09, 1290.97, 101.06
1152, 501.82, 1400.40, 104.29
1153, 417.09, 1164.64, 95.20
1154, 145.62, 587.98, 81.44
1155, 311.56, 1042.32, 93.42
1156, 369.41, 1386.57, 106.07
1157, 188.36, 480.83, 75.21
1158, 367.99, 1362.82, 104.91
1159, 471.89, 1859.47, 123.92
1160, 296.40, 1798.52, 124.86
1161, 224.99, 890.14, 90.99
1162, 940.57, 1401.60, 114.73
1163, 392.07, 732.44, 76.47
1164, 202.23, 1620.37, 121.20
1165, 535.99, 1410.49, 104.44
1166, 481.40, 712.62, 75.03
1167, 1002.66, 1471.61, 119.84
1168, 311.06, 1077.81, 95.28
1169, 376.02, 1732.20, 119.83
1170, 248.14, 1821.27, 127.37
1171, 929.08, 1318.47, 111.18
1172, 505.12, 1405.67, 104.62
1173, 471.59, 1323.03, 101.02
1174, 639.95, 1641.65, 115.21
1175, 316.95, 1453.47, 109.81
1176, 311.00, 1805.07, 124.64
1177, 857.20, 1353.46, 109.23
1178, 514.46, 753.60, 76.92
1179, 689.14, 826.43, 80.79
1180, 712.15, 992.19, 87.46
1181, 832.61, 1569.54, 116.92
1182, 453.65, 1834.12, 123.12
1183, 1025.16, 1311.53, 115.20
1184, 186.72, 1668.40, 124.03
1185, 448.11, 888.67, 82.04
1186, 365.62, 1831.97, 124.30
1187, 764.16, 1051.92, 91.68
1188, 740.55, 871.17, 84.05
1189, 513.85, 1898.92, 125.31
1190, 501.20, 1785.03, 120.49
1191, 429.10, 1903.14, 125.84
1192, 815.03, 1094.35, 96.03
1193, 587.95, 829.09, 73.57
1194, 376.33, 1254.56, 99.81
1195, 968.45, 1276.98, 112.02
1196, 934.14, 1239.40, 108.54
1197, 284.95, 711.64, 80.55
1198, 460.96, 1150.15, 93.31
1199, 874.99, 1148.81, 101.69
1200, 753.91, 1111.60, 94.08
1201, 945.85, 1389.94, 114.70
1202, 805.52, 1795.90, 126.40
1203, 675.88, 1065.01, 90.40
1204, 955.00, 1463.18, 117.57
1205, 269.90, 816.86, 85.75
1206, 427.26, 899.03, 83.87
1207, 180.86, 499.94, 76.22
1208, 946.76, 1402.92, 114.70
1209, 992.89, 1455.07, 118.65
1210, 177.56, 1695.01, 126.26
1211, 370.38, 1680.57, 117.82
1212, 438.05, 654.96, 74.22
1213, 440.46, 1169.63, 94.80
1214, 494.78, 1493.45, 108.19
1215, 740.55, 871.17, 84.05
1216, 242.37, 1649.76, 120.54
1217, 613.48, 1870.23, 124.31
1218, 297.46, 1802.94, 124.94
1219, 710.24, 1907.33, 126.98
1220, 218.91, 601.13, 78.23
1221, 195.25, 666.81, 82.93
1222, 197.22, 1815.59, 129.38
1223, 429.33, 987.74, 86.84
1224, 980.42, 1590.35, 124.90
1225, 111.35, 604.56, 83.97
1226, 952.88, 1375.75, 114.86
1227, 446.65, 796.74, 79.11
1228, 783.97, 968.46, 89.20
1229, 498.29, 1466.60, 106.89
1230, 572.10, 1536.41, 109.31
1231, 416.53, 1677.92, 116.60
1232, 842.81, 1071.38, 96.87
1233, 155.85, 607.37, 81.99
1234, 211.00, 1720.99, 124.83
1235, 303.51, 1860.01, 126.97
1236, 567.21, 1853.03, 123.39
1237, 715.99, 1239.06, 99.54
1238, 229.60, 1549.94, 117.26
1239, 332.49, 1106.17, 95.38
1240, 937.57, 1439.53, 115.69
1241, 780.93, 993.95, 90.57
1242, 343.38, 620.06, 74.63
1243, 914.24, 1387.25, 112.68
1244, 224.40, 1504.65, 116.01
1245, 835.07, 1263.85, 104.29
1246, 608.10, 1819.92, 122.07
1247, 437.73, 1440.57, 106.71
1248, 161.91, 1750.24, 128.87
1249, 677.68, 933.12, 84.32
1250, 816.84, 818.53, 82.26
1251, 1074.50, 1324.73, 117.47
1252, 181.30, 505.38, 76.60
1253, 462.79, 690.53, 77.36
1254, 219.07, 1742.07, 125.32
1255, 517.67, 1868.08, 123.47
1256, 296.40, 1798.52, 124.86
1257, 427.33, 1849.35, 123.89
1258, 360.65, 930.61, 86.71
1259, 903.20, 1589.67, 120.17
1260, 520.78, 1435.76, 105.61
1261, 514.59, 1089.20, 90.10
1262, 448.18, 755.85, 77.35
1263, 399.82, 1190.36, 96.82
1264, 936.66, 1527.24, 119.19
1265, 710.04, 1828.43, 123.73
1266, 127.37, 516.07, 79.86
1267, 685.27, 974.19, 86.75
1268, 141.96, 616.25, 54.02
1269, 441.20, 671.62, 74.11
1270, 632.36, 1256.27, 98.62
1271, 508.69, 820.50, 80.03
1272, 767.50, 1902.34, 128.18
1273, 929.80, 1223.25, 107.47
1274, 275.53, 573.20, 75.16
1275, 608.01, 953.91, 84.08
1276, 487.59, 718.60, 75.54
1277, 219.07, 1742.07, 125.32
1278, 815.09, 1184.52, 100.38
1279, 197.46, 617.99, 80.44
1280, 937.94, 1389.62, 114.43
1281, 358.15, 689.29, 76.91
1282, 359.77, 1777.77, 122.75
1283, 705.44, 828.48, 80.50
1284, 148.29, 598.23, 81.69
1285, 868.83, 1138.22, 100.60
1286, 343.13, 1603.35, 115.56
1287, 485.95, 689.59, 78.94
1288, 498.64, 1573.18, 111.46
1289, 367.99, 1362.82, 104.91
1290, 248.78, 567.15, 76.09
1291, 326.64, 648.87, 76.28
1292, 186.56, 1779.00, 128.62
1293, 342.86, 632.00, 74.32
1294, 609.69, 1295.84, 100.49
1295, 215.40, 562.81, 77.17
1296, 347.06, 880.79, 84.82
1297, 460.99, 1408.35, 105.06
1298, 1076.44, 1419.73, 121.76
1299, 801.47, 765.75, 81.83
1300, 447.33, 1915.45, 126.41
1301, 976.43, 1349.76, 115.72
1302, 138.72, 1721.69, 129.22
1303, 448.75, 1104.79, 91.71
1304, 945.82, 1657.07, -47.10
1305, 830.66, 836.84, 86.15
1306, 127.50, 611.92, 83.50
1307, 843.50, 1160.42, 100.49
1308, 349.92, 1657.37, 117.51
1309, 513.83, 1868.70, 123.86
1310, 145.62, 587.98, 81.44
1311, 369.75, 1265.67, 100.33
1312, 644.54, 1794.65, 121.04
1313, 976.10, 1344.95, 114.71
1314, 283.05, 1839.14, 127.02
1315, 336.06, 1916.69, 128.45
1316, 439.82, 795.88, 78.82
1317, 457.88, 1891.70, 125.37
1318, 150.41, 1273.84, 109.61
1319, 967.09, 1363.30, 114.29
1320, 888.12, 1167.55, 217.17
1321, 437.73, 1440.57, 106.71
