Index, X, Y, Depth
0, 278.52, 1059.41, 243.23
1, 956.54, 958.05, 251.84
2, 277.15, 1069.73, 244.77
3, 894.06, 1048.84, 256.08
4, 572.01, 736.41, 338.04
5, 722.18, 902.58, 294.98
6, 657.84, 794.77, 323.85
7, 893.26, 1054.58, 255.87
8, 985.84, 960.53, 246.79
9, 962.85, 1015.24, 253.40
10, 785.40, 986.44, 276.09
11, 573.48, 740.69, 338.12
12, 704.32, 968.54, 281.95
13, 586.64, 1069.94, 265.17
14, 789.84, 1097.02, 256.64
15, 170.59, 1380.83, 196.96
16, 636.71, 731.66, 341.16
17, 872.21, 1031.78, 259.32
18, 347.16, 1054.48, 252.83
19, 581.07, 1049.10, 269.51
20, 691.73, 766.86, 329.39
21, 359.29, 922.76, 279.02
22, 921.14, 974.27, 258.09
23, 406.62, 629.91, 362.39
24, 515.16, 808.53, 316.99
25, 764.05, 1325.00, 224.75
26, 916.45, 1219.94, 232.25
27, 723.34, 982.39, 277.92
28, 784.44, 1387.88, 216.65
29, 911.92, 1451.06, 207.42
30, 524.83, 1217.97, 238.67
31, 769.94, 1363.73, 219.60
32, 791.47, 1006.55, 271.36
33, 201.19, 961.90, 252.87
34, 783.47, 1069.74, 260.44
35, 751.92, 1275.03, 231.63
36, 850.47, 1372.98, 216.97
37, 970.67, 1623.77, 190.09
38, 882.01, 1338.52, 219.52
39, 176.92, 939.54, 254.60
40, 211.26, 855.74, 276.38
41, 820.77, 1010.61, 268.52
42, 191.89, 952.43, 255.10
43, 275.50, 1081.55, 241.91
44, 290.53, 1067.97, 245.11
45, 560.49, 1112.43, 255.96
46, 924.36, 1520.83, 200.49
47, 437.93, 894.93, 292.19
48, 511.13, 1192.53, 241.73
49, 830.00, 1004.33, 269.19
50, 551.95, 709.10, 346.42
51, 442.75, 1054.62, 260.33
52, 821.73, 1078.59, 256.07
53, 345.97, 990.49, 263.57
54, 515.16, 808.53, 316.99
55, 973.46, 1732.54, 181.73
56, 818.03, 983.97, 271.89
57, 793.87, 982.55, 275.66
58, 237.12, 1084.33, 236.79
59, 571.48, 1119.32, 255.95
60, 942.61, 1360.71, 215.48
61, 772.12, 964.19, 280.51
62, 647.95, 1094.43, 261.10
63, 816.56, 1495.57, 204.75
64, 912.73, 1584.07, 194.72
65, 175.43, 1027.03, 240.44
66, 860.14, 1376.32, 216.69
67, 168.62, 1456.17, 189.66
68, 866.69, 1060.58, 257.49
69, 867.39, 1022.58, 263.39
70, 571.48, 1119.32, 255.95
71, 843.65, 1226.13, 234.50
72, 812.84, 941.86, 281.59
73, 764.02, 1886.85, 171.83
74, 257.86, 1273.27, 213.26
75, 718.09, 1155.54, 249.89
76, 887.41, 1102.65, 248.63
77, 983.35, 1738.17, 181.22
78, 845.42, 985.43, 264.60
79, 612.55, 1082.03, 263.23
80, 846.95, 1077.64, 255.76
81, 1071.27, 1763.91, 176.23
82, 717.34, 1209.35, 242.13
83, 604.02, 1076.76, 264.06
84, 903.30, 1078.42, 251.31
85, 833.64, 1367.26, 217.54
86, 370.94, 1768.02, 172.96
87, 730.66, 1193.56, 244.11
88, 797.08, 1576.44, 197.10
89, 787.40, 979.25, 277.27
90, 796.39, 1184.67, 243.41
91, 751.92, 1275.03, 231.63
92, 364.92, 916.09, 280.18
93, 881.59, 1036.54, 259.41
94, 801.74, 990.78, 273.98
95, 814.42, 1012.04, 269.30
96, 450.49, 1807.98, 172.56
97, 836.05, 1301.00, 225.19
98, 213.67, 1802.34, 163.39
99, 869.80, 1202.92, 236.54
100, 922.35, 1163.73, 238.87
101, 455.79, 1149.66, 245.61
102, 932.92, 1806.47, 176.50
103, 454.65, 1086.01, 255.31
104, 939.48, 1138.63, 240.36
105, 749.00, 1266.30, 233.04
106, 659.97, 1112.99, 257.47
107, 813.20, 1772.64, 180.16
108, 858.29, 1371.57, 217.05
109, 651.52, 789.91, 324.45
110, 297.13, 710.92, 318.07
111, 691.33, 776.50, 326.46
112, 884.43, 1092.95, 250.22
113, 890.54, 1053.39, 256.13
114, 617.90, 1114.67, 257.66
115, 738.27, 1022.79, 271.81
116, 448.44, 1058.24, 260.56
117, 387.86, 1045.20, 257.59
118, 354.03, 1749.16, 173.54
119, 829.72, 1336.68, 221.35
120, 592.68, 1144.88, 251.73
121, 216.25, 1580.90, 181.30
122, 154.71, 969.69, 249.05
123, 429.67, 879.14, 294.64
124, 421.49, 1015.92, 265.79
125, 475.85, 1853.87, 169.95
126, 974.50, 1540.55, 197.71
127, 780.52, 1313.41, 225.32
128, 796.46, 1180.87, 243.36
129, 347.14, 1860.79, 165.31
130, 387.86, 1045.20, 257.59
131, 815.30, 1133.76, 250.47
132, 750.72, 1579.36, 197.12
133, 482.54, 1196.94, 239.29
134, 442.27, 1854.42, 169.03
135, 202.23, 943.49, 256.31
136, 1048.47, 1821.47, 172.48
137, 172.47, 1525.82, 183.92
138, 347.82, 846.78, 292.52
139, 137.72, 1076.59, 229.88
140, 472.61, 1603.61, 190.45
141, 749.00, 1266.30, 233.04
142, 755.00, 1133.45, 252.01
143, 253.39, 1071.16, 239.42
144, 176.20, 956.69, 252.00
145, 203.35, 866.62, 270.58
146, 250.90, 1086.56, 238.30
147, 720.47, 1159.98, 249.13
148, 195.57, 963.50, 252.74
149, 738.27, 1022.79, 271.81
150, 340.04, 843.35, 295.73
151, 295.50, 1212.28, 223.33
152, 398.69, 1209.01, 233.36
153, 733.01, 872.53, 301.96
154, 759.61, 1265.83, 232.83
155, 758.98, 1020.24, 271.86
156, 842.17, 1061.06, 257.70
157, 817.82, 1050.05, 262.47
158, 796.80, 991.80, 274.37
159, 496.32, 867.32, 302.22
160, 895.05, 1748.01, 181.76
161, 312.33, 847.12, 288.41
162, 728.46, 1260.03, 233.93
163, 357.55, 1045.33, 254.35
164, 806.06, 981.64, 274.82
165, 845.49, 1022.26, 264.95
166, 290.65, 1041.36, 248.31
167, 463.88, 1179.59, 240.86
168, 448.44, 1058.24, 260.56
169, 236.69, 1044.08, 242.25
170, 776.50, 982.39, 277.33
171, 1001.66, 1743.95, 179.84
172, 343.74, 839.99, 292.51
173, 918.88, 1887.38, 170.81
174, 778.16, 1003.90, 273.66
175, 145.71, 910.35, 257.36
176, 911.44, 1852.23, 173.79
177, 323.53, 1888.57, 161.93
178, 195.15, 943.44, 256.53
179, 715.13, 919.66, 292.14
180, 874.20, 1637.81, 191.03
181, 558.39, 876.02, 303.32
182, 662.65, 1126.21, 255.80
183, 391.10, 815.93, 306.90
184, 881.81, 1523.26, 201.27
185, 827.92, 1341.27, 220.90
186, 1019.65, 1491.75, 200.89
187, 314.14, 1570.38, 186.96
188, 814.13, 1006.69, 269.91
189, 957.35, 1859.21, 172.43
190, 269.56, 842.45, 281.99
191, 688.76, 1302.53, 229.75
192, 905.61, 1698.44, 185.52
193, 814.28, 1368.04, 218.05
194, 381.07, 1697.44, 179.19
195, 633.39, 740.08, 338.55
196, 365.98, 1867.67, 165.34
197, 389.29, 1879.72, 165.36
198, 766.44, 964.31, 281.07
199, 816.88, 971.11, 276.56
200, 858.29, 1371.57, 217.05
201, 966.41, 1213.36, 231.68
202, 397.87, 1873.23, 165.89
203, 442.27, 1854.42, 169.03
204, 183.18, 1559.07, 181.31
205, 431.68, 908.64, 288.58
206, 243.83, 1644.58, 177.89
207, 347.88, 1766.93, 172.32
208, 437.93, 894.93, 292.19
209, 972.34, 1575.24, 194.88
210, 300.75, 1186.17, 227.71
211, 893.87, 1025.14, 260.25
212, 276.46, 1634.61, 179.60
213, 895.83, 1634.84, 191.00
214, 796.46, 1180.87, 243.36
215, 409.77, 1857.22, 167.81
216, 895.83, 1634.84, 191.00
217, 172.89, 843.30, 273.41
218, 771.42, 1709.49, 185.52
219, 798.10, 1267.06, 231.46
220, 823.95, 981.21, 272.42
221, 155.82, 877.48, 264.53
222, 899.31, 1081.52, 251.14
223, 899.06, 1786.77, 178.66
224, 831.13, 1349.84, 220.17
225, 871.74, 1128.09, 247.75
226, 834.00, 1044.82, 260.95
227, 862.17, 1043.79, 259.65
228, 922.46, 1734.86, 182.44
229, 856.82, 1070.56, 256.52
230, 713.02, 1147.71, 251.97
231, 916.86, 1718.34, 183.86
232, 360.16, 1876.18, 164.57
233, 891.62, 1291.51, 224.69
234, 687.58, 1019.43, 274.06
235, 646.04, 730.42, 340.71
236, 703.75, 1621.91, 192.92
237, 1065.32, 1751.49, 177.49
238, 1059.77, 1729.10, 179.34
239, 170.40, 939.49, 255.44
240, 435.74, 1745.50, 177.08
241, 796.39, 1184.67, 243.41
242, 171.16, 1035.72, 239.41
243, 624.10, 759.87, 334.01
244, 950.08, 1735.00, 182.13
245, 467.61, 1701.83, 181.49
246, 983.60, 944.56, 247.27
247, 663.99, 795.16, 323.01
248, 575.63, 1131.22, 254.08
249, 423.65, 1787.34, 173.55
250, 455.79, 1149.66, 245.61
251, 873.44, 1795.54, 178.07
252, 179.17, 1005.14, 243.55
253, 845.65, 1369.20, 217.39
254, 819.40, 1071.56, 258.39
255, 160.44, 1082.33, 231.56
256, 1024.53, 1772.39, 176.90
257, 697.53, 789.97, 323.32
258, 262.34, 1219.25, 219.75
259, 267.99, 792.50, 294.80
260, 1018.52, 1732.03, 180.52
261, 722.87, 1177.68, 246.85
262, 764.62, 1636.68, 191.67
263, 853.51, 1021.13, 264.54
264, 529.20, 1645.23, 187.99
265, 798.34, 969.81, 277.67
266, 922.46, 1734.86, 182.44
267, 893.49, 1787.60, 178.78
268, 712.30, 1158.19, 250.40
269, 969.12, 1210.77, 231.39
270, 118.56, 900.76, 256.86
271, 812.07, 975.88, 275.88
272, 320.57, 1115.97, 238.44
273, 949.32, 1533.69, 198.41
274, 802.52, 922.98, 286.16
275, 906.59, 1185.34, 236.76
276, 333.82, 992.07, 263.49
277, 400.44, 1016.36, 263.93
278, 815.69, 1882.90, 171.93
279, 322.04, 1885.46, 162.25
280, 866.43, 1175.91, 240.26
281, 642.26, 1222.64, 240.17
282, 1047.06, 1464.28, 202.83
283, 815.83, 1333.55, 221.82
284, 264.67, 1751.58, 169.91
285, 374.31, 836.46, 301.40
286, 904.44, 1835.64, 174.81
287, 457.35, 1867.84, 168.47
288, 920.80, 1473.82, 204.93
289, 348.74, 1802.29, 169.39
290, 1062.34, 1709.49, 181.29
291, 975.03, 1595.11, 192.48
292, 584.19, 866.03, 306.95
293, 441.43, 1823.36, 171.49
294, 1066.06, 1779.19, 175.11
295, 441.57, 1844.43, 169.86
296, 572.16, 852.94, 309.13
297, 942.20, 1731.38, 182.28
298, 851.98, 1331.54, 221.59
299, 955.34, 1014.98, 256.45
300, 724.58, 1273.12, 232.98
301, 253.55, 1274.86, 213.40
302, 344.16, 1842.96, 165.92
303, 392.10, 1874.59, 165.71
304, 574.72, 871.13, 304.73
305, 784.52, 1694.08, 186.81
306, 176.55, 1198.53, 217.83
307, 814.70, 1078.83, 257.89
308, 387.44, 832.05, 300.72
309, 539.71, 1741.70, 180.06
310, 565.10, 1191.92, 244.10
311, 783.47, 1069.74, 260.44
312, 985.59, 1653.89, 187.87
313, 239.34, 1059.41, 240.51
314, 563.48, 1551.96, 197.96
315, 599.73, 1093.74, 261.01
316, 793.33, 1605.44, 194.38
317, 853.40, 1106.99, 251.79
318, 1016.16, 1683.88, 184.55
319, 897.50, 1810.55, 176.89
320, 812.84, 941.86, 281.59
321, 810.00, 1447.26, 209.67
322, 815.69, 1882.90, 171.93
323, 334.93, 1600.19, 185.42
324, 381.07, 1697.44, 179.19
325, 387.49, 1850.66, 167.06
326, 537.41, 1714.01, 182.25
327, 890.42, 1372.04, 215.72
328, 174.62, 964.76, 251.73
329, 872.89, 1760.92, 181.02
330, 254.45, 1258.33, 214.61
331, 276.46, 1634.61, 179.60
332, 409.07, 1321.99, 217.90
333, 335.41, 1202.10, 227.86
334, 176.55, 1198.53, 217.83
335, 899.35, 1737.00, 182.08
336, 163.37, 851.53, 271.00
337, 358.33, 1866.95, 165.05
338, 757.01, 1865.68, 173.40
339, 810.11, 1169.53, 243.58
340, 260.07, 1034.19, 246.21
341, 1023.37, 1701.02, 183.25
342, 148.31, 907.31, 258.92
343, 896.47, 1369.99, 215.73
344, 265.55, 845.01, 281.49
345, 396.49, 1773.08, 173.57
346, 773.77, 983.89, 276.76
347, 433.92, 1750.45, 176.48
348, 818.71, 1036.98, 263.74
349, 918.57, 1841.19, 174.32
350, 962.81, 1557.56, 195.87
351, 333.28, 1794.11, 169.66
352, 818.01, 1052.90, 262.16
353, 825.65, 1671.18, 188.37
354, 474.85, 1815.35, 172.63
355, 782.66, 1832.09, 175.48
356, 909.98, 1719.53, 183.87
357, 620.54, 1068.23, 265.21
358, 972.34, 1575.24, 194.88
359, 852.50, 1051.66, 260.30
360, 706.89, 1706.11, 185.63
361, 901.25, 1075.01, 251.34
362, 454.74, 1805.39, 172.79
363, 508.52, 1055.54, 264.76
364, 895.66, 1416.48, 211.23
365, 793.95, 1730.91, 183.58
366, 374.77, 845.32, 296.65
367, 241.17, 1049.90, 241.97
368, 779.39, 1226.04, 238.02
369, 761.45, 1261.40, 232.98
370, 765.97, 1765.03, 180.85
371, 457.45, 1700.72, 181.17
372, 674.39, 1660.54, 189.28
373, 734.95, 1459.85, 209.38
374, 840.73, 1483.75, 205.46
375, 642.53, 1855.28, 173.23
376, 737.10, 1253.20, 234.86
377, 254.00, 1239.51, 216.37
378, 372.73, 1614.59, 185.33
379, 439.93, 1736.51, 178.00
380, 962.32, 1542.10, 198.22
381, 337.34, 1712.23, 175.78
382, 801.83, 1425.74, 212.20
383, 204.21, 1096.11, 231.91
384, 945.07, 1771.18, 179.27
385, 1003.50, 1639.76, 187.99
386, 1062.34, 1709.49, 181.29
387, 723.27, 922.43, 291.09
388, 780.52, 1313.41, 225.32
389, 651.71, 723.40, 341.92
390, 447.59, 1832.47, 170.34
391, 874.44, 1820.07, 176.39
392, 301.33, 1269.61, 216.74
393, 611.97, 818.72, 317.29
394, 507.44, 1685.23, 184.12
395, 503.81, 1574.80, 194.42
396, 897.50, 1810.55, 176.89
397, 947.36, 1840.69, 174.00
398, 174.44, 932.83, 257.28
399, 1016.93, 1727.55, 181.28
400, 1018.11, 1493.60, 200.32
401, 869.52, 1352.54, 218.72
402, 223.06, 1770.01, 166.63
403, 213.00, 1218.59, 217.51
404, 509.99, 1215.28, 238.78
405, 385.52, 988.98, 267.53
406, 395.15, 1846.90, 167.82
407, 319.71, 1535.85, 190.76
408, 599.85, 1618.14, 192.09
409, 767.67, 1295.13, 228.42
410, 899.35, 1737.00, 182.08
411, 757.01, 1865.68, 173.40
412, 829.57, 1669.15, 188.46
413, 725.88, 891.06, 298.81
414, 344.16, 1842.96, 165.92
415, 882.63, 1023.61, 260.72
416, 320.45, 922.65, 273.47
417, 558.39, 876.02, 303.32
418, 991.02, 1745.52, 180.51
419, 1061.02, 1764.08, 176.72
420, 569.14, 1155.03, 249.38
421, 786.28, 1080.03, 259.63
422, 358.82, 1605.66, 185.74
423, 832.11, 1341.90, 220.70
424, 294.24, 1613.80, 182.39
425, 947.43, 1526.96, 199.26
426, 903.30, 1078.42, 251.31
427, 682.08, 1558.99, 199.03
428, 667.43, 936.34, 291.10
429, 912.35, 1218.24, 232.67
430, 784.52, 1694.08, 186.81
431, 392.47, 1844.93, 168.02
432, 167.51, 1624.91, 175.29
433, 291.22, 1834.55, 165.13
434, 423.94, 1474.15, 201.29
435, 424.02, 908.34, 287.87
436, 346.26, 834.24, 296.12
437, 699.68, 1609.79, 193.85
438, 957.35, 1859.21, 172.43
439, 246.66, 1162.24, 226.56
440, 318.18, 1577.57, 186.50
441, 1054.00, 1478.70, 200.44
442, 834.00, 1044.82, 260.95
443, 612.55, 1082.03, 263.23
444, 855.13, 1182.00, 239.85
445, 962.32, 1542.10, 198.22
446, 284.43, 929.43, 267.46
447, 397.99, 1557.80, 192.18
448, 236.05, 1640.47, 177.55
449, 883.92, 1817.64, 176.48
450, 454.96, 1631.64, 187.47
451, 181.97, 1091.11, 231.40
452, 392.03, 1504.69, 196.89
453, 465.39, 1664.42, 184.90
454, 297.64, 980.34, 258.62
455, 899.40, 1199.94, 235.49
456, 427.61, 918.80, 285.93
457, 234.38, 1187.51, 222.67
458, 891.62, 1291.51, 224.69
459, 547.14, 1213.24, 240.38
460, 401.60, 1806.83, 170.68
461, 970.67, 1623.77, 190.09
462, 950.08, 1735.00, 182.13
463, 874.92, 1366.19, 217.03
464, 381.56, 916.86, 282.85
465, 324.69, 1843.65, 165.59
466, 435.18, 1785.26, 174.02
467, 812.61, 1362.10, 218.81
468, 445.90, 1806.24, 172.15
469, 387.49, 1850.66, 167.06
470, 413.95, 1448.50, 203.02
471, 1032.04, 1764.31, 177.50
472, 917.90, 1150.08, 240.68
473, 691.58, 973.95, 282.65
474, 306.08, 846.40, 287.15
475, 925.67, 1430.98, 208.90
476, 814.28, 1368.04, 218.05
477, 132.04, 965.27, 246.95
478, 771.77, 1830.50, 176.00
479, 804.01, 1447.64, 210.31
480, 808.46, 1010.18, 269.04
481, 297.64, 980.34, 258.62
482, 818.29, 1211.28, 237.97
483, 363.31, 1870.60, 165.15
484, 268.33, 978.72, 255.73
485, 806.15, 1000.73, 272.34
486, 796.74, 879.93, 293.36
487, 662.83, 1621.86, 192.62
488, 386.16, 1825.29, 169.47
489, 726.81, 1045.94, 268.43
490, 725.40, 888.37, 298.07
491, 297.93, 1616.33, 182.11
492, 467.61, 1701.83, 181.49
493, 153.81, 1035.91, 238.67
494, 372.29, 1819.20, 169.67
495, 921.80, 1730.37, 182.65
496, 163.91, 1474.90, 188.21
497, 782.46, 1730.92, 183.54
498, 713.57, 1579.31, 197.14
499, 435.65, 1817.01, 170.79
500, 877.06, 1785.41, 179.13
501, 730.06, 1045.92, 268.34
502, 864.96, 1701.60, 186.20
503, 266.38, 1222.24, 219.98
504, 1071.94, 1094.51, 239.81
505, 396.12, 1849.45, 167.96
506, 546.36, 699.63, 349.45
507, 785.40, 1056.31, 263.49
508, 1041.37, 1822.49, 172.84
509, 384.49, 1813.39, 170.52
510, 405.44, 1281.58, 222.15
511, 1014.65, 1737.21, 179.80
512, 326.71, 1090.49, 243.13
513, 1017.72, 1530.63, 196.66
514, 1033.54, 1834.76, 171.77
515, 781.95, 999.07, 274.08
516, 1037.13, 1822.65, 172.18
517, 840.03, 1134.73, 248.67
518, 447.39, 1826.98, 170.89
519, 448.83, 1064.82, 258.91
520, 601.03, 1097.26, 260.20
521, 884.43, 1092.95, 250.22
522, 382.36, 1605.49, 187.06
523, 341.30, 1297.14, 216.00
524, 1040.99, 1894.35, 166.53
525, 737.77, 1135.33, 253.41
526, 680.14, 1704.98, 185.30
527, 452.90, 619.23, 370.95
528, 276.48, 786.25, 298.18
529, 1048.30, 1785.07, 175.26
530, 764.34, 1238.36, 236.81
531, 165.41, 1035.34, 237.48
532, 367.31, 1055.29, 254.23
533, 632.01, 1230.21, 239.30
534, 198.53, 1236.15, 214.86
535, 281.43, 933.89, 266.56
536, 961.51, 1072.70, 248.16
537, 802.52, 922.98, 286.16
538, 191.89, 952.43, 255.10
539, 644.43, 1166.96, 249.05
540, 651.71, 723.40, 341.92
541, 438.44, 908.95, 288.71
542, 843.26, 823.00, 274.00
543, 778.11, 1174.82, 244.40
544, 346.46, 1855.90, 165.61
545, 870.65, 1555.01, 198.67
546, 803.46, 1702.32, 185.51
547, 340.67, 1826.26, 167.44
548, 251.10, 1092.19, 236.64
549, 626.97, 1059.73, 267.25
550, 864.96, 1701.60, 186.20
551, 477.18, 1667.96, 184.51
552, 918.71, 1834.15, 174.40
553, 818.19, 1031.60, 265.57
554, 679.10, 924.06, 293.78
555, 458.64, 1177.81, 241.06
556, 1015.72, 1750.26, 179.48
557, 398.53, 1777.54, 173.21
558, 1008.98, 1811.42, 174.65
559, 256.19, 874.32, 274.19
560, 477.50, 1230.39, 233.64
561, 516.06, 1604.85, 191.43
562, 559.46, 1105.91, 257.56
563, 451.78, 1641.36, 186.26
564, 893.40, 1472.93, 205.97
565, 559.46, 1105.91, 257.56
566, 837.30, 1532.17, 201.20
567, 799.58, 1023.41, 268.61
568, 426.54, 1239.81, 229.58
569, 960.85, 1522.90, 199.24
570, 1043.95, 1672.59, 185.02
571, 830.32, 1429.17, 211.40
572, 426.54, 1239.81, 229.58
573, 835.83, 1383.11, 215.96
574, 177.89, 962.27, 250.96
575, 248.24, 1203.61, 220.76
576, 981.88, 1837.53, 173.37
577, 1008.89, 1857.30, 170.93
578, 249.72, 1829.03, 163.16
579, 947.80, 1848.33, 173.11
580, 977.29, 1646.93, 188.64
581, 429.95, 1354.92, 213.71
582, 823.40, 1211.51, 237.37
583, 443.92, 1669.34, 183.99
584, 957.82, 1492.07, 202.33
585, 916.57, 1501.91, 202.64
586, 557.04, 1153.39, 249.47
587, 447.59, 1832.47, 170.34
588, 1009.49, 1566.99, 193.81
589, 390.76, 930.73, 279.96
590, 865.09, 1509.30, 202.82
591, 977.21, 1856.86, 171.85
592, 1039.90, 1757.71, 177.80
593, 223.06, 1770.01, 166.63
594, 635.73, 1125.79, 255.21
595, 684.96, 740.06, 336.18
596, 922.22, 1772.95, 179.23
597, 1006.30, 1720.83, 181.96
598, 261.30, 884.83, 274.35
599, 842.71, 1824.49, 176.26
600, 347.41, 918.80, 277.79
601, 517.12, 1192.26, 242.11
602, 301.10, 1789.72, 168.73
603, 519.06, 1092.03, 258.66
604, 733.37, 912.44, 292.40
605, 487.38, 804.92, 317.91
606, 771.42, 1709.49, 185.52
607, 701.58, 1617.38, 193.60
608, 504.17, 1729.97, 179.77
609, 362.07, 1789.12, 170.53
610, 469.04, 1102.56, 253.91
611, 1025.36, 1788.67, 175.77
612, 798.23, 1256.49, 231.84
613, 663.54, 1755.14, 180.86
614, 248.24, 1203.61, 220.76
615, 843.25, 1040.36, 261.94
616, 179.07, 1484.21, 187.30
617, 297.16, 1673.56, 177.65
618, 235.63, 1072.98, 237.09
619, 372.55, 1806.02, 170.45
620, 519.16, 1078.91, 260.61
621, 815.19, 1074.63, 259.44
622, 985.73, 1840.07, 172.45
623, 803.49, 1687.59, 187.25
624, 857.42, 1382.95, 215.25
625, 919.52, 1528.92, 200.24
626, 767.07, 1192.17, 242.74
627, 803.46, 1702.32, 185.51
628, 728.39, 1233.45, 237.92
629, 795.51, 1008.49, 271.21
630, 826.68, 1320.95, 223.31
631, 570.98, 889.95, 301.16
632, 374.22, 1391.56, 207.25
633, 340.67, 1826.26, 167.44
634, 543.33, 1769.94, 177.95
635, 375.96, 1243.87, 225.14
636, 518.39, 848.36, 307.05
637, 997.48, 1744.43, 180.03
638, 306.02, 1745.50, 171.90
639, 401.79, 1779.31, 173.74
640, 951.57, 1803.42, 176.43
641, 786.70, 1339.65, 222.49
642, 308.57, 1816.05, 167.07
643, 1020.17, 1873.70, 169.28
644, 927.13, 1377.92, 214.50
645, 661.93, 1181.65, 246.00
646, 729.07, 1753.12, 181.71
647, 917.97, 1740.65, 182.30
648, 735.61, 1315.39, 226.37
649, 849.11, 1736.11, 183.13
650, 885.02, 1400.34, 213.23
651, 348.92, 1806.81, 169.46
652, 316.88, 1842.42, 165.49
653, 404.99, 1367.91, 211.27
654, 301.18, 843.40, 288.87
655, 800.50, 1279.23, 229.46
656, 929.24, 1080.48, 249.43
657, 726.34, 920.12, 292.15
658, 320.39, 1505.80, 193.45
659, 1062.48, 1883.08, 167.05
660, 762.70, 1344.97, 222.77
661, 839.94, 1191.71, 238.57
662, 710.09, 1700.99, 186.13
663, 730.66, 1193.56, 244.11
664, 512.61, 1691.02, 183.38
665, 751.72, 1217.65, 238.89
666, 385.83, 1287.63, 219.98
667, 1024.59, 1507.75, 198.43
668, 496.36, 1867.86, 169.31
669, 664.99, 1631.15, 192.03
670, 693.05, 1118.73, 256.27
671, 768.45, 1028.27, 269.19
672, 850.89, 1063.60, 257.85
673, 1063.88, 1517.63, 196.94
674, 514.73, 1307.00, 224.78
675, 406.69, 935.33, 280.72
676, 764.62, 1636.68, 191.67
677, 751.48, 1695.97, 186.49
678, 486.24, 1174.81, 242.87
679, 286.57, 1067.42, 243.30
680, 206.28, 1125.42, 228.56
681, 942.29, 1819.42, 175.44
682, 741.48, 1000.10, 274.88
683, 167.99, 1542.16, 182.17
684, 249.52, 1631.37, 178.76
685, 784.24, 1293.43, 227.95
686, 315.00, 1035.57, 252.09
687, 375.51, 1783.13, 171.92
688, 1051.34, 1241.57, 224.71
689, 372.00, 1600.66, 186.70
690, 221.83, 1572.49, 182.38
691, 265.16, 975.58, 257.32
692, 1006.60, 1659.07, 186.55
693, 781.95, 999.07, 274.08
694, 771.21, 1053.21, 265.48
695, 769.97, 1291.46, 228.53
696, 700.47, 1263.51, 234.70
697, 450.29, 1868.03, 168.29
698, 156.13, 947.60, 253.40
699, 980.97, 1812.57, 175.58
700, 789.65, 1018.62, 269.57
701, 308.88, 1201.19, 225.58
702, 563.62, 1813.80, 174.90
703, 1050.12, 1716.06, 181.22
704, 179.09, 1647.13, 174.27
705, 431.86, 1776.41, 174.46
706, 468.96, 1716.73, 180.15
707, 748.03, 1185.34, 244.83
708, 364.43, 1804.84, 169.66
709, 524.44, 1839.64, 172.21
710, 1031.22, 1805.35, 174.41
711, 653.60, 1645.86, 190.64
712, 444.84, 1085.79, 255.04
713, 653.64, 1577.90, 197.20
714, 415.15, 1861.13, 167.44
715, 510.82, 897.45, 297.54
716, 511.13, 1192.53, 241.73
717, 219.39, 1107.09, 231.97
718, 616.54, 1575.71, 196.85
719, 991.02, 1745.52, 180.51
720, 796.80, 991.80, 274.37
721, 896.01, 1670.12, 187.28
722, 198.83, 1277.45, 210.16
723, 767.79, 1013.01, 271.31
724, 516.50, 1163.33, 246.80
725, 342.76, 1798.87, 169.52
726, 681.61, 1232.12, 238.53
727, 846.20, 1145.78, 246.31
728, 415.15, 1861.13, 167.44
729, 875.61, 1077.53, 253.99
730, 718.30, 1698.82, 185.89
731, 310.03, 1604.19, 184.19
732, 157.44, 935.49, 254.21
733, 1011.37, 1772.31, 177.49
734, 354.17, 1356.81, 209.53
735, 361.99, 1837.64, 167.75
736, 638.15, 894.95, 299.39
737, 155.49, 1033.44, 239.32
738, 243.64, 1822.91, 163.31
739, 282.92, 1271.91, 215.33
740, 663.58, 1145.22, 252.82
741, 920.09, 1455.65, 206.95
742, 818.70, 1134.94, 248.34
743, 128.62, 1038.68, 236.58
744, 746.43, 1634.16, 191.62
745, 921.85, 1717.64, 183.41
746, 1005.23, 1773.96, 177.38
747, 902.79, 1058.21, 254.21
748, 161.66, 1035.92, 238.03
749, 137.54, 970.98, 246.67
750, 854.42, 1273.57, 228.20
751, 508.53, 1848.61, 171.35
752, 796.85, 1003.18, 272.42
753, 759.73, 949.40, 284.90
754, 576.67, 1212.35, 241.03
755, 416.32, 1836.27, 169.51
756, 120.89, 178.96, 560.20
757, 439.52, 1784.71, 174.18
758, 916.35, 1153.32, 240.57
759, 904.41, 1326.87, 220.31
760, 719.89, 810.97, 318.50
761, 727.89, 1659.51, 189.79
762, 405.39, 1840.54, 168.82
763, 917.90, 1150.08, 240.68
764, 502.05, 1579.62, 193.74
765, 475.77, 1828.45, 171.57
766, 768.45, 1028.27, 269.19
767, 591.06, 1645.95, 189.36
768, 334.34, 1704.05, 176.33
769, 285.45, 1675.10, 177.68
770, 357.46, 875.04, 288.82
771, 804.14, 1836.34, 175.31
772, 1009.55, 1896.70, 167.94
773, 259.90, 1211.14, 221.02
774, 962.21, 1514.71, 199.72
775, 842.05, 1044.20, 261.32
776, 862.58, 1025.79, 262.18
777, 1010.36, 1779.82, 176.96
778, 333.07, 1844.83, 165.59
779, 232.19, 1110.49, 232.19
780, 452.60, 1749.59, 177.72
781, 278.09, 974.11, 258.51
782, 372.18, 928.88, 278.07
783, 661.04, 985.40, 281.46
784, 170.09, 1516.68, 184.16
785, 1056.98, 1775.96, 175.64
786, 800.48, 1436.23, 210.97
787, 418.85, 1794.73, 172.71
788, 1070.60, 1640.80, 186.63
789, 354.15, 917.82, 280.62
790, 483.78, 1154.31, 246.28
791, 704.56, 811.93, 317.07
792, 653.44, 1176.04, 248.06
793, 1027.16, 1785.85, 176.13
794, 190.44, 1437.71, 192.77
795, 551.87, 1197.72, 242.23
796, 268.18, 1379.98, 203.02
797, 454.11, 1637.84, 186.55
798, 669.92, 1716.48, 184.00
799, 795.68, 1719.83, 184.64
800, 524.99, 1890.27, 168.32
801, 413.29, 1721.62, 178.08
802, 164.31, 1555.64, 181.04
803, 1066.06, 1543.88, 194.27
804, 925.53, 1054.53, 253.50
805, 808.43, 1360.33, 219.04
806, 526.86, 1179.38, 243.87
807, 125.92, 888.76, 260.51
808, 395.09, 1866.58, 166.07
809, 616.54, 1575.71, 196.85
810, 551.87, 1197.72, 242.23
811, 1019.39, 1876.60, 168.71
812, 830.34, 1057.30, 262.52
813, 814.87, 1064.96, 260.10
814, 1027.16, 1785.85, 176.13
815, 397.97, 1365.17, 211.73
816, 128.73, 960.21, 247.84
817, 395.49, 1256.35, 225.21
818, 915.91, 1836.21, 174.88
819, 443.70, 1066.77, 258.42
820, 1028.04, 1730.60, 180.43
821, 244.13, 1833.91, 162.15
822, 599.73, 1093.74, 261.01
823, 664.99, 1631.15, 192.03
824, 476.87, 1338.49, 219.17
825, 222.96, 1719.28, 170.93
826, 813.00, 1172.14, 243.52
827, 245.45, 1766.96, 167.82
828, 587.83, 1758.99, 179.79
829, 144.61, 1054.89, 233.14
830, 248.54, 991.37, 252.45
831, 387.66, 937.08, 279.02
832, 202.58, 1644.32, 175.38
833, 155.49, 1033.44, 239.32
834, 1008.89, 1857.30, 170.93
835, 772.82, 1482.79, 206.40
836, 846.99, 980.09, 264.07
837, 298.27, 1256.48, 218.59
838, 511.62, 1198.73, 240.14
839, 1043.67, 1428.52, 205.33
840, 849.82, 1180.43, 240.81
841, 536.01, 1111.88, 256.41
842, 518.50, 1628.20, 189.57
843, 445.60, 1788.53, 173.47
844, 365.80, 837.12, 295.23
845, 850.57, 1275.88, 228.21
846, 223.84, 1825.13, 162.01
847, 835.87, 1824.10, 176.23
848, 525.08, 1597.77, 192.38
849, 932.92, 1672.64, 187.07
850, 795.51, 970.71, 277.89
851, 519.01, 1778.40, 176.05
852, 1019.78, 1724.84, 181.19
853, 194.52, 1671.75, 173.22
854, 788.03, 1042.17, 266.34
855, 390.05, 1767.61, 173.45
856, 986.09, 1373.05, 213.10
857, 183.17, 1711.58, 169.03
858, 602.32, 1611.78, 192.47
859, 142.33, 1284.62, 205.73
860, 306.02, 1745.50, 171.90
861, 601.99, 163.56, 624.57
862, 161.38, 960.32, 250.35
863, 123.01, 954.87, 247.30
864, 797.36, 1124.37, 251.41
865, 981.13, 1618.40, 190.29
866, 202.58, 1644.32, 175.38
867, 868.56, 1801.85, 178.02
868, 462.44, 816.97, 312.41
869, 1073.30, 1749.84, 177.17
870, 564.61, 1127.90, 253.63
871, 460.14, 1205.30, 236.53
872, 165.72, 899.75, 261.01
873, 907.46, 1333.07, 219.69
874, 281.66, 1190.36, 224.96
875, 1064.03, 1760.96, 177.21
876, 404.46, 662.17, 350.51
877, 548.33, 1030.11, 269.51
878, 691.73, 766.86, 329.39
879, 913.58, 1178.53, 237.33
880, 873.77, 1054.22, 258.19
881, 477.86, 1860.70, 169.46
882, 850.55, 1086.31, 255.97
883, 496.32, 1645.92, 186.86
884, 431.05, 1128.53, 247.06
885, 815.19, 1024.19, 266.84
886, 1017.72, 1530.63, 196.66
887, 1054.85, 1762.11, 177.11
888, 492.41, 1753.86, 177.82
889, 366.52, 1742.48, 174.52
890, 383.26, 1086.62, 249.82
891, 637.33, 917.57, 295.08
892, 400.84, 1759.43, 174.91
893, 191.16, 961.53, 251.44
894, 841.98, 1377.27, 216.72
895, 231.37, 1098.47, 233.48
896, 1027.90, 1630.34, 188.41
897, 1043.76, 1230.80, 225.84
898, 722.87, 1177.68, 246.85
899, 451.14, 1845.80, 169.39
900, 424.98, 1244.77, 228.92
901, 349.91, 1718.22, 175.82
902, 359.52, 1750.27, 173.86
903, 724.49, 1809.02, 177.61
904, 612.47, 1781.18, 178.37
905, 437.37, 1042.91, 261.98
906, 901.95, 1749.50, 181.56
907, 920.99, 1866.41, 171.96
908, 435.74, 906.38, 289.84
909, 149.02, 1371.32, 196.62
910, 452.05, 1860.14, 168.53
911, 448.44, 1878.17, 166.91
912, 826.68, 1320.95, 223.31
913, 436.16, 1283.10, 224.12
914, 804.52, 964.11, 278.47
915, 712.15, 1132.51, 254.17
916, 1026.64, 1606.59, 190.94
917, 582.87, 1096.96, 259.57
918, 960.85, 1522.90, 199.24
919, 672.30, 1087.19, 261.76
920, 1055.92, 1851.54, 169.67
921, 993.51, 1761.43, 179.31
922, 867.50, 1377.79, 216.33
923, 390.48, 1530.87, 194.31
924, 183.34, 1804.10, 161.28
925, 724.49, 1809.02, 177.61
926, 174.16, 1674.94, 171.40
927, 873.84, 1061.80, 256.08
928, 823.47, 1253.84, 231.55
929, 704.45, 972.54, 282.78
930, 623.03, 1320.58, 226.73
931, 390.61, 1688.05, 179.85
932, 802.27, 1034.04, 266.94
933, 1040.71, 1866.96, 169.21
934, 178.94, 1702.65, 169.50
935, 142.43, 998.07, 244.00
936, 441.16, 1862.58, 168.14
937, 354.17, 1356.81, 209.53
938, 118.56, 900.76, 256.86
939, 196.89, 954.92, 254.52
940, 386.23, 1889.96, 163.95
941, 670.82, 1235.67, 238.28
942, 937.38, 1757.34, 180.56
943, 288.40, 1832.03, 164.89
944, 524.62, 1193.33, 242.42
945, 587.83, 1758.99, 179.79
946, 1019.24, 1841.56, 171.65
947, 975.39, 1754.91, 179.91
948, 339.71, 1811.10, 168.69
949, 197.01, 1038.27, 240.27
950, 535.96, 1420.00, 211.06
951, 377.91, 1747.56, 174.24
952, 735.40, 1867.82, 173.13
953, 325.27, 1282.41, 216.45
954, 378.88, 1852.65, 166.82
955, 395.96, 1875.67, 165.74
956, 352.85, 1877.02, 163.98
957, 463.19, 861.33, 301.49
958, 813.98, 1815.92, 177.09
959, 486.75, 809.44, 315.54
960, 180.89, 653.96, 321.15
961, 522.00, 1801.89, 175.20
962, 569.70, 1358.55, 220.71
963, 841.37, 1829.54, 175.88
964, 1051.12, 1767.96, 177.08
965, 793.67, 1479.36, 207.29
966, 940.44, 1800.03, 176.53
967, 378.81, 1780.06, 173.02
968, 156.59, 1335.90, 200.46
969, 781.25, 1078.04, 260.57
970, 1031.54, 1505.95, 198.89
971, 160.56, 965.94, 248.58
972, 737.90, 791.99, 320.63
973, 256.19, 874.32, 274.19
974, 213.08, 943.87, 257.08
975, 543.16, 554.02, 406.03
976, 544.36, 873.25, 305.50
977, 1009.43, 932.09, 247.49
978, 128.06, 1001.36, 240.86
979, 995.40, 1837.83, 172.94
980, 1066.49, 1710.56, 180.61
981, 376.77, 838.47, 299.07
982, 1064.84, 1823.86, 171.66
983, 523.05, 837.13, 312.89
984, 352.91, 805.03, 304.08
985, 194.78, 1683.55, 172.09
986, 874.44, 1820.07, 176.39
987, 806.30, 1129.72, 249.95
988, 356.20, 1796.84, 170.42
989, 1070.60, 1640.80, 186.63
990, 524.45, 1092.71, 258.42
991, 218.50, 1351.50, 203.29
992, 980.74, 1871.27, 170.88
993, 1051.06, 1867.23, 168.44
994, 1002.71, 1405.18, 208.91
995, 771.94, 1040.98, 266.84
996, 877.64, 1350.69, 217.84
997, 368.68, 685.03, 337.70
998, 297.93, 1616.33, 182.11
999, 223.88, 1828.41, 161.56
1000, 1065.02, 1891.10, 166.33
1001, 618.68, 760.15, 333.02
1002, 688.47, 1208.89, 242.00
1003, 488.95, 1607.11, 190.21
1004, 872.22, 1175.48, 241.38
1005, 283.07, 187.94, 297.99
1006, 441.72, 1873.94, 167.13
1007, 916.02, 1851.56, 172.88
1008, 149.02, 1371.32, 196.62
1009, 441.37, 993.05, 272.73
1010, 993.44, 1775.01, 177.46
1011, 875.64, 1143.26, 244.16
1012, 814.66, 1634.05, 191.84
1013, 353.10, 1779.18, 171.16
1014, 492.41, 1753.86, 177.82
1015, 240.05, 1230.01, 218.52
1016, 354.15, 917.82, 280.62
1017, 712.66, 893.58, 297.73
1018, 435.74, 906.38, 289.84
1019, 716.26, 1680.17, 187.59
1020, 407.29, 1888.95, 164.98
1021, 546.83, 1759.26, 178.47
1022, 183.34, 1484.07, 187.84
1023, 339.69, 1884.33, 162.38
1024, 803.22, 920.39, 287.10
1025, 687.08, 1117.13, 256.65
1026, 752.57, 1673.58, 188.52
1027, 836.14, 1354.03, 219.63
1028, 307.93, 993.63, 258.83
1029, 165.70, 1019.94, 240.64
1030, 459.95, 1195.29, 238.65
1031, 154.71, 969.69, 249.05
1032, 510.92, 1684.78, 184.01
1033, 1049.77, 1806.05, 173.27
1034, 487.86, 1260.05, 230.49
1035, 369.75, 1848.69, 166.99
1036, 630.03, 1224.55, 240.36
1037, 230.92, 942.13, 259.10
1038, 703.75, 1685.16, 187.04
1039, 225.49, 811.58, 287.03
1040, 276.47, 1669.20, 176.96
1041, 1051.06, 1867.23, 168.44
1042, 1008.47, 1649.09, 187.32
1043, 314.36, 1859.26, 163.72
1044, 185.48, 1596.41, 178.67
1045, 492.83, 1881.40, 168.37
1046, 1020.08, 1777.43, 176.95
1047, 784.24, 1293.43, 227.95
1048, 748.88, 1302.28, 227.50
1049, 660.03, 814.91, 319.52
1050, 257.09, 1596.44, 181.81
1051, 453.07, 849.31, 303.47
1052, 625.22, 1817.98, 175.70
1053, 417.12, 1322.31, 217.65
1054, 404.44, 1221.53, 230.37
1055, 123.10, 1067.39, 231.32
1056, 512.85, 1059.65, 263.26
1057, 872.22, 1175.48, 241.38
1058, 870.72, 1905.77, 170.14
1059, 997.37, 1713.65, 183.02
1060, 432.07, 1826.95, 170.45
1061, 439.54, 1709.58, 180.42
1062, 311.49, 1853.43, 164.22
1063, 948.82, 1812.75, 175.84
1064, 379.40, 1740.06, 175.93
1065, 763.21, 1714.71, 185.28
1066, 191.16, 961.53, 251.44
1067, 464.60, 1650.72, 185.63
1068, 798.28, 1377.34, 217.31
1069, 747.92, 1748.84, 182.11
1070, 464.47, 1280.38, 226.67
1071, 992.30, 1909.61, 167.42
1072, 1036.40, 1803.78, 174.37
1073, 684.78, 746.74, 334.68
1074, 765.41, 1557.35, 199.10
1075, 281.88, 1254.34, 216.99
1076, 907.82, 1494.74, 203.55
1077, 382.50, 1569.10, 190.20
1078, 841.44, 1852.80, 174.17
1079, 709.74, 1578.10, 197.66
1080, 371.89, 1744.57, 174.72
1081, 1020.31, 1898.60, 167.58
1082, 153.33, 1105.17, 228.06
1083, 680.14, 1704.98, 185.30
1084, 182.75, 1664.13, 172.61
1085, 907.46, 1333.07, 219.69
1086, 1044.57, 1743.95, 179.19
1087, 555.92, 1194.15, 243.52
1088, 1025.36, 1788.67, 175.77
1089, 691.85, 959.63, 285.69
1090, 750.21, 1306.72, 227.64
1091, 467.20, 1147.66, 246.36
1092, 768.57, 1772.02, 179.98
1093, 178.95, 1589.92, 178.79
1094, 183.99, 1690.76, 171.25
1095, 888.87, 1890.42, 171.01
1096, 957.76, 1350.00, 215.95
1097, 131.47, 1140.33, 221.96
1098, 718.77, 771.22, 325.33
1099, 373.71, 1501.73, 196.27
1100, 1057.58, 1876.18, 167.58
1101, 1026.07, 1490.17, 200.20
1102, 565.80, 831.10, 313.97
1103, 1017.29, 1819.20, 173.02
1104, 663.90, 1604.15, 194.14
1105, 867.17, 1043.66, 259.77
1106, 210.41, 1870.41, 156.61
1107, 330.16, 1085.28, 244.66
1108, 1039.23, 1609.21, 190.31
1109, 601.35, 1626.37, 191.16
1110, 373.01, 1446.42, 202.12
1111, 659.51, 1185.55, 246.36
1112, 225.49, 811.58, 287.03
1113, 761.45, 1261.40, 232.98
1114, 832.28, 1836.91, 175.28
1115, 736.35, 1871.88, 172.71
1116, 682.10, 1607.07, 194.22
1117, 455.09, 1717.36, 179.58
1118, 558.35, 856.55, 308.39
1119, 178.00, 1507.93, 185.65
1120, 201.20, 863.28, 271.69
1121, 656.78, 1571.52, 197.38
1122, 750.54, 1860.47, 173.67
1123, 839.94, 1191.71, 238.57
1124, 873.84, 1061.80, 256.08
1125, 196.43, 1109.34, 230.68
1126, 993.67, 1895.89, 168.72
1127, 389.63, 1876.94, 165.33
1128, 788.92, 1171.36, 245.76
1129, 1032.54, 1743.27, 179.68
1130, 842.71, 1824.49, 176.26
1131, 392.04, 1001.87, 265.11
1132, 785.74, 874.08, 297.59
1133, 1047.55, 1877.14, 167.85
1134, 678.11, 1697.55, 185.93
1135, 764.32, 1619.06, 193.22
1136, 696.52, 775.62, 326.12
1137, 656.99, 1853.07, 173.65
1138, 654.66, 1575.43, 196.66
1139, 375.35, 1151.00, 238.91
1140, 782.66, 1832.09, 175.48
1141, 881.49, 1051.83, 257.69
1142, 456.34, 1791.44, 174.31
1143, 156.00, 891.35, 261.26
1144, 579.55, 1076.95, 263.58
1145, 1024.59, 1507.75, 198.43
1146, 665.34, 1773.53, 179.65
1147, 382.36, 1605.49, 187.06
1148, 792.56, 1251.95, 233.79
1149, 210.41, 1870.41, 156.61
1150, 515.46, 1832.07, 172.74
1151, 460.26, 1757.05, 176.63
1152, 371.89, 1744.57, 174.72
1153, 705.27, 1719.11, 184.12
1154, 866.43, 1175.91, 240.26
1155, 1008.66, 1552.86, 195.75
1156, 312.90, 1864.76, 163.47
1157, 852.50, 1051.66, 260.30
1158, 367.64, 1233.18, 226.13
1159, 664.16, 1027.50, 271.89
1160, 594.87, 1741.96, 180.96
1161, 833.68, 1356.82, 219.19
1162, 410.09, 787.10, 315.24
1163, 435.42, 1670.00, 182.97
1164, 931.12, 1890.37, 170.37
1165, 1049.14, 1749.13, 178.25
1166, 765.32, 1822.60, 176.74
1167, 618.23, 1840.33, 173.51
1168, 820.98, 1074.74, 259.38
1169, 790.51, 1181.24, 243.81
1170, 525.83, 1792.32, 175.62
1171, 296.35, 1593.23, 184.07
1172, 578.41, 884.94, 301.70
1173, 837.21, 1067.89, 257.02
1174, 125.50, 1058.44, 232.22
1175, 692.20, 1123.09, 255.67
1176, 869.83, 1895.05, 170.65
1177, 836.81, 1052.19, 260.92
1178, 736.26, 1308.01, 227.68
1179, 944.31, 1691.29, 185.81
1180, 1046.68, 1902.32, 166.31
1181, 544.75, 1791.43, 176.08
1182, 787.40, 979.25, 277.27
1183, 1028.08, 1889.53, 167.71
1184, 165.41, 1704.44, 168.79
1185, 447.78, 1612.47, 188.74
1186, 534.68, 1196.12, 242.46
1187, 276.15, 1097.87, 238.03
1188, 731.07, 791.19, 321.25
1189, 353.03, 1846.03, 166.27
1190, 648.37, 1706.95, 184.96
1191, 255.19, 1228.45, 219.05
1192, 386.11, 1197.31, 232.72
1193, 694.27, 1631.31, 192.74
1194, 454.12, 1135.91, 247.62
1195, 1044.42, 1306.59, 218.22
1196, 346.71, 1658.51, 180.77
1197, 997.92, 1726.21, 181.43
1198, 408.36, 872.57, 293.63
1199, 369.07, 1255.87, 223.39
1200, 296.40, 1510.87, 191.67
1201, 180.62, 1677.39, 172.08
1202, 1033.84, 1707.36, 181.91
1203, 740.39, 1536.96, 201.10
1204, 695.29, 1893.72, 170.78
1205, 1016.18, 1719.11, 181.99
1206, 1048.36, 1399.54, 207.28
1207, 614.44, 1364.85, 220.54
1208, 761.72, 1004.32, 274.24
1209, 572.01, 763.63, 331.65
1210, 644.42, 1757.84, 180.72
1211, 866.76, 1778.22, 179.52
1212, 690.05, 1155.84, 250.80
1213, 583.29, 1603.22, 193.12
1214, 417.12, 1322.31, 217.65
1215, 387.39, 1779.33, 172.53
1216, 450.68, 1083.59, 256.97
1217, 968.08, 1594.48, 193.04
1218, 841.37, 1829.54, 175.88
1219, 381.33, 1036.42, 258.52
1220, 845.73, 1064.06, 258.19
1221, 1065.46, 1842.79, 169.97
1222, 477.01, 893.92, 295.20
1223, 702.84, 1705.26, 185.93
1224, 216.17, 1676.63, 173.35
1225, 276.01, 1083.96, 238.40
1226, 725.59, 1700.03, 186.49
1227, 468.05, 1635.28, 187.32
1228, 1048.48, 1873.81, 168.42
1229, 465.39, 1664.42, 184.90
1230, 337.34, 1712.23, 175.78
1231, 309.52, 1843.39, 164.35
1232, 566.93, 1288.42, 229.83
1233, 526.43, 1788.66, 176.13
1234, 498.03, 1663.41, 186.14
1235, 434.54, 1052.83, 259.32
1236, 563.29, 886.35, 302.51
1237, 1014.65, 1737.21, 179.80
1238, 141.69, 948.66, 253.71
1239, 877.00, 1534.23, 201.31
1240, 1011.37, 1772.31, 177.49
1241, 231.80, 1041.83, 241.73
1242, 449.46, 1078.44, 256.34
1243, 339.77, 1252.43, 220.66
1244, 772.45, 1585.19, 197.09
1245, 964.42, 1539.56, 197.48
1246, 465.65, 1129.29, 248.77
1247, 957.64, 1821.13, 175.22
1248, 454.11, 1637.84, 186.55
1249, 891.59, 1195.17, 237.96
1250, 369.82, 1603.02, 186.31
1251, 507.48, 1218.62, 236.81
1252, 447.53, 1121.94, 249.24
1253, 1014.03, 1793.71, 175.94
1254, 959.76, 1744.47, 180.49
1255, 165.72, 899.75, 261.01
1256, 922.54, 1889.00, 170.73
1257, 839.97, 1298.36, 225.68
1258, 932.79, 1833.58, 174.77
1259, 375.36, 917.82, 282.11
1260, 546.06, 1826.57, 173.39
1261, 320.51, 1134.46, 236.38
1262, 765.97, 1765.03, 180.85
1263, 122.85, 965.33, 247.18
1264, 278.26, 1234.22, 220.20
1265, 329.02, 1094.83, 243.95
1266, 163.68, 768.51, 289.98
1267, 657.66, 1865.72, 172.33
1268, 521.48, 813.57, 319.43
1269, 1070.52, 1841.55, 169.88
1270, 301.63, 1692.67, 176.52
1271, 782.26, 1188.49, 242.12
1272, 572.01, 763.63, 331.65
1273, 457.61, 1705.79, 180.95
1274, 369.77, 1826.92, 168.72
1275, 685.31, 1571.34, 198.15
1276, 950.25, 1832.30, 174.75
1277, 158.03, 1076.61, 232.77
1278, 193.63, 1130.04, 227.17
1279, 179.61, 1085.77, 232.10
1280, 529.10, 806.24, 319.45
1281, 125.15, 927.41, 252.76
1282, 290.65, 1041.36, 248.31
1283, 397.99, 1557.80, 192.18
1284, 209.29, 1026.85, 242.59
1285, 250.97, 1654.17, 177.12
1286, 526.60, 1614.53, 190.96
1287, 820.03, 1659.41, 189.84
1288, 522.09, 1811.18, 174.13
1289, 360.89, 1832.54, 167.84
1290, 1013.38, 1871.33, 170.02
1291, 1043.76, 1230.80, 225.84
1292, 507.87, 1188.47, 242.20
1293, 766.96, 1582.70, 196.94
1294, 895.81, 1870.62, 172.08
1295, 995.88, 1282.51, 221.95
1296, 524.44, 1839.64, 172.21
1297, 421.27, 1273.42, 225.09
1298, 752.87, 1767.94, 180.46
1299, 687.48, 1633.16, 192.32
1300, 957.94, 1033.78, 253.66
1301, 197.21, 934.13, 258.37
1302, 948.82, 1812.75, 175.84
1303, 172.94, 1778.65, 162.69
1304, 393.73, 1590.57, 188.48
1305, 414.28, 727.11, 334.21
1306, 453.48, 1810.31, 172.23
1307, 882.51, 1732.83, 182.97
1308, 1037.54, 1881.41, 168.34
1309, 1055.85, 1820.02, 172.22
1310, 237.79, 1224.46, 217.96
1311, 339.37, 983.55, 264.86
1312, 1035.38, 1549.17, 194.78
1313, 985.93, 1718.19, 182.04
1314, 353.69, 1371.04, 209.06
1315, 590.12, 800.21, 322.74
1316, 1003.45, 1883.35, 169.13
1317, 964.50, 1791.38, 177.37
1318, 446.77, 1779.30, 174.09
1319, 570.93, 725.10, 342.26
1320, 353.69, 1371.04, 209.06
1321, 1015.82, 1614.62, 189.64
1322, 796.35, 1738.55, 182.95
1323, 716.26, 1680.17, 187.59
1324, 765.44, 1043.19, 267.69
1325, 215.84, 1240.81, 214.76
1326, 371.84, 1750.94, 174.08
1327, 890.49, 1794.98, 178.38
1328, 792.84, 1573.05, 197.52
1329, 972.91, 1666.71, 187.45
1330, 848.46, 1376.13, 216.43
1331, 346.71, 1658.51, 180.77
1332, 545.66, 578.22, 392.09
1333, 204.06, 911.90, 262.56
1334, 437.76, 1882.10, 166.91
1335, 723.13, 1265.91, 233.44
1336, 933.43, 1126.89, 243.25
1337, 386.25, 1093.69, 248.57
1338, 536.16, 1252.72, 234.41
1339, 368.83, 775.75, 314.48
1340, 754.23, 1242.06, 236.62
1341, 395.41, 1893.72, 164.04
1342, 766.96, 1582.70, 196.94
1343, 758.98, 1020.24, 271.86
1344, 963.71, 1573.48, 194.28
1345, 411.90, 1701.47, 179.59
1346, 443.92, 1669.34, 183.99
1347, 172.07, 1799.88, 160.70
1348, 242.79, 1246.11, 215.56
1349, 675.41, 1576.65, 196.92
1350, 518.50, 1628.20, 189.57
1351, 625.85, 1626.87, 191.63
1352, 154.13, 941.35, 253.23
1353, 172.07, 1799.88, 160.70
1354, 525.07, 1832.22, 172.38
1355, 771.10, 1405.54, 214.74
1356, 735.77, 1777.72, 180.11
1357, 973.05, 1534.45, 197.58
1358, 618.68, 760.15, 333.02
1359, 993.00, 1541.62, 197.60
1360, 484.38, 1116.95, 251.58
1361, 928.67, 1786.04, 177.64
1362, 769.57, 906.60, 292.25
1363, 366.39, 1621.12, 184.67
1364, 611.11, 1784.21, 177.97
1365, 218.01, 861.62, 273.62
1366, 308.88, 1201.19, 225.58
1367, 741.29, 1045.58, 267.60
1368, 272.31, 1737.56, 171.70
1369, 385.15, 1611.70, 186.44
1370, 351.72, 1109.33, 243.30
1371, 200.26, 1871.28, 156.33
1372, 263.27, 1615.16, 182.06
1373, 857.42, 1419.46, 211.92
1374, 203.17, 1100.03, 230.50
1375, 521.25, 873.51, 303.80
1376, 305.20, 1840.67, 165.14
1377, 487.86, 1260.05, 230.49
1378, 188.00, 938.79, 256.94
1379, 883.39, 1272.90, 226.46
1380, 255.14, 1091.55, 236.26
1381, 534.12, 1137.08, 251.71
1382, 884.06, 1313.06, 222.16
1383, 433.00, 870.87, 296.93
1384, 911.16, 1362.67, 217.24
1385, 911.36, 1215.55, 232.74
1386, 288.89, 1009.17, 253.42
1387, 744.24, 1280.27, 231.85
1388, 550.89, 1699.78, 183.47
1389, 699.68, 1609.79, 193.85
1390, 1056.87, 1766.52, 176.60
1391, 249.52, 1631.37, 178.76
1392, 254.13, 1255.41, 215.90
1393, 1001.65, 1003.91, 244.46
1394, 333.72, 1023.84, 255.88
1395, 693.15, 1304.75, 228.92
1396, 826.42, 962.83, 273.55
1397, 991.67, 1886.66, 169.17
1398, 277.99, 1836.37, 164.21
1399, 1072.30, 1672.16, 183.77
1400, 278.82, 1068.44, 242.27
1401, 786.44, 1463.42, 208.30
1402, 122.93, 1038.07, 236.47
1403, 181.52, 1130.70, 226.27
1404, 664.16, 1027.50, 271.89
1405, 485.82, 1086.30, 257.94
1406, 770.33, 1784.95, 179.52
1407, 670.77, 871.66, 304.69
1408, 693.15, 1304.75, 228.92
1409, 1008.66, 1552.86, 195.75
1410, 376.89, 1881.44, 164.24
1411, 615.76, 1233.69, 238.13
1412, 590.16, 1887.40, 169.96
1413, 863.48, 1809.51, 177.26
1414, 601.35, 1626.37, 191.16
1415, 243.25, 1799.92, 165.15
1416, 837.06, 1291.83, 225.83
1417, 255.98, 1674.07, 175.85
1418, 598.36, 1745.88, 180.93
1419, 885.71, 1457.42, 207.47
1420, 496.32, 1645.92, 186.86
1421, 632.51, 742.05, 337.80
1422, 175.22, 1068.54, 233.80
1423, 1001.65, 1003.91, 244.46
1424, 835.27, 1091.08, 255.21
1425, 1036.73, 1531.58, 197.37
1426, 174.01, 873.39, 267.62
1427, 429.03, 1612.93, 187.81
1428, 483.45, 1796.25, 174.25
1429, 515.46, 1832.07, 172.74
1430, 647.45, 1255.01, 235.06
1431, 499.39, 1737.62, 179.59
1432, 867.37, 1884.21, 171.76
1433, 220.57, 1523.13, 186.62
1434, 661.93, 1181.65, 246.00
1435, 1063.67, 1855.38, 168.65
1436, 867.37, 1884.21, 171.76
1437, 824.12, 1184.42, 241.48
1438, 848.28, 1177.17, 240.91
1439, 563.29, 886.35, 302.51
1440, 278.12, 1054.17, 243.95
1441, 346.34, 1859.04, 165.14
1442, 304.53, 1837.01, 165.18
1443, 715.13, 919.66, 292.14
1444, 855.70, 1376.83, 213.72
1445, 690.05, 1155.84, 250.80
1446, 886.03, 1492.26, 204.08
1447, 1051.83, 1871.66, 168.00
1448, 517.96, 1218.95, 238.05
1449, 332.19, 1551.59, 189.14
1450, 224.86, 876.39, 271.16
1451, 838.38, 1057.67, 259.34
1452, 947.19, 1072.21, 249.63
1453, 923.77, 1787.48, 178.50
1454, 637.52, 943.19, 289.36
1455, 385.59, 1601.74, 187.24
1456, 402.87, 1892.77, 164.73
1457, 304.59, 1273.99, 216.34
1458, 314.86, 1240.80, 220.68
1459, 745.58, 1268.01, 232.49
1460, 444.12, 995.49, 269.78
1461, 163.08, 1058.84, 234.47
1462, 980.35, 1786.60, 176.74
1463, 1073.56, 1864.14, 167.46
1464, 476.80, 1181.24, 241.56
1465, 486.45, 1803.29, 173.89
1466, 234.58, 1516.98, 187.93
1467, 158.40, 1052.67, 236.70
1468, 276.86, 1819.46, 164.95
1469, 392.24, 984.60, 269.87
1470, 495.92, 1033.50, 269.25
1471, 444.03, 1074.51, 257.80
1472, 750.97, 1836.10, 175.40
1473, 881.48, 1140.14, 244.43
1474, 611.16, 1675.52, 186.92
1475, 553.81, 886.26, 301.26
1476, 1056.22, 1548.32, 194.18
1477, 154.99, 1144.00, 223.64
1478, 131.80, 1076.32, 230.54
1479, 529.54, 1887.69, 168.77
1480, 823.47, 1253.84, 231.55
1481, 850.57, 1275.88, 228.21
1482, 184.19, 1714.41, 168.74
1483, 1003.04, 1818.16, 174.37
1484, 329.82, 1849.63, 165.28
1485, 792.54, 995.24, 273.16
1486, 364.43, 1804.84, 169.66
1487, 1066.04, 1792.45, 174.14
1488, 615.76, 1233.69, 238.13
1489, 546.65, 1194.10, 242.98
1490, 188.82, 1695.94, 170.50
1491, 702.09, 1745.76, 181.87
1492, 592.23, 1309.89, 227.37
1493, 841.90, 959.95, 266.27
1494, 783.81, 959.18, 280.07
1495, 962.42, 1907.29, 168.35
1496, 477.10, 808.70, 315.03
1497, 801.18, 1332.02, 222.96
1498, 648.37, 1706.95, 184.96
1499, 268.59, 863.30, 279.77
1500, 362.37, 1854.80, 165.81
1501, 563.62, 1813.80, 174.90
1502, 594.87, 1741.96, 180.96
1503, 944.31, 1691.29, 185.81
1504, 231.20, 1022.89, 244.44
1505, 213.04, 1025.18, 241.64
1506, 544.50, 1874.68, 169.83
1507, 1050.12, 1716.06, 181.22
1508, 505.69, 692.47, 349.08
1509, 152.44, 964.39, 249.17
1510, 925.38, 1113.57, 244.80
1511, 789.18, 1227.68, 237.05
1512, 229.23, 1611.66, 179.58
1513, 736.15, 878.78, 301.16
1514, 923.77, 1787.48, 178.50
1515, 339.77, 1252.43, 220.66
1516, 673.87, 814.31, 318.53
1517, 174.19, 1736.53, 166.49
1518, 901.78, 1095.94, 248.93
1519, 185.56, 955.98, 251.12
1520, 754.45, 993.28, 277.32
1521, 686.43, 1627.69, 192.17
1522, 232.36, 1613.93, 179.22
1523, 930.49, 1841.54, 174.22
1524, 478.48, 1691.62, 182.49
1525, 919.52, 1528.92, 200.24
1526, 637.53, 1846.08, 173.06
1527, 168.79, 1533.68, 182.79
1528, 1046.67, 1896.37, 166.99
1529, 944.80, 1788.62, 177.68
1530, 736.26, 1308.01, 227.68
1531, 859.54, 1766.41, 180.38
1532, 594.50, 1738.52, 181.72
1533, 528.86, 1316.02, 224.07
1534, 669.37, 966.37, 284.66
1535, 138.95, 1292.01, 204.46
1536, 402.01, 1408.95, 207.10
1537, 283.10, 1664.01, 178.26
1538, 814.45, 890.49, 292.41
1539, 148.84, 957.07, 249.32
1540, 199.86, 1270.67, 212.03
1541, 692.09, 803.11, 321.38
1542, 496.79, 1693.37, 183.16
1543, 867.17, 1043.66, 259.77
1544, 777.45, 1768.47, 180.42
1545, 486.45, 1803.29, 173.89
1546, 904.12, 1036.16, 256.93
1547, 397.43, 1795.16, 172.00
1548, 545.41, 737.04, 338.52
1549, 505.90, 1878.43, 168.99
1550, 359.52, 1010.28, 261.10
1551, 703.90, 1004.28, 276.27
1552, 462.04, 1783.95, 174.90
1553, 970.55, 1334.78, 217.88
1554, 748.70, 1653.42, 190.45
1555, 372.75, 1518.95, 195.29
1556, 414.03, 1808.99, 171.48
1557, 259.90, 1211.14, 221.02
1558, 524.99, 1890.27, 168.32
1559, 788.22, 1001.67, 272.36
1560, 372.44, 1403.60, 206.18
1561, 760.33, 1620.59, 193.81
1562, 660.30, 1092.40, 261.42
1563, 931.40, 1825.84, 175.34
1564, 381.73, 1265.87, 223.53
1565, 511.88, 1843.61, 171.25
1566, 1026.86, 1877.43, 168.32
1567, 1026.29, 1389.54, 209.72
1568, 389.87, 1668.29, 181.29
1569, 156.08, 855.96, 270.20
1570, 695.85, 1616.73, 193.13
1571, 601.29, 967.13, 286.27
1572, 309.03, 1662.22, 178.59
1573, 183.40, 835.95, 276.16
1574, 465.67, 1851.90, 169.74
1575, 553.81, 886.26, 301.26
1576, 381.07, 1697.44, 179.19
1577, 550.89, 1699.78, 183.47
1578, 366.54, 929.37, 278.26
1579, 365.63, 1328.49, 213.37
1580, 204.09, 1781.07, 164.59
1581, 276.47, 1669.20, 176.96
1582, 939.09, 1862.47, 171.58
1583, 392.04, 1001.87, 265.11
1584, 917.61, 1848.89, 173.55
1585, 163.60, 1491.24, 186.95
1586, 1009.81, 1828.83, 172.53
1587, 983.13, 1336.47, 216.66
1588, 972.13, 1827.25, 174.40
1589, 1049.29, 1840.34, 170.99
1590, 221.51, 1848.14, 160.06
1591, 550.89, 1699.78, 183.47
1592, 457.83, 1712.98, 180.22
1593, 156.90, 1479.01, 186.59
1594, 365.63, 1328.49, 213.37
1595, 499.39, 1737.62, 179.59
1596, 739.80, 948.18, 285.28
1597, 735.55, 862.72, 304.63
1598, 995.28, 1861.25, 170.70
1599, 571.67, 1165.59, 248.12
1600, 519.06, 1092.03, 258.66
1601, 165.41, 1704.44, 168.79
1602, 895.65, 1759.66, 181.01
1603, 343.50, 1604.33, 186.05
1604, 902.27, 1879.97, 171.36
1605, 423.40, 1051.96, 260.19
1606, 346.88, 1881.17, 163.27
1607, 404.09, 1326.96, 217.08
1608, 1003.90, 1516.96, 198.24
1609, 330.04, 1878.88, 162.28
1610, 980.75, 1843.13, 173.02
1611, 492.44, 1652.09, 187.32
1612, 473.10, 1686.70, 182.86
1613, 494.35, 1833.55, 171.76
1614, 573.65, 900.44, 299.12
1615, 845.06, 1318.20, 223.01
1616, 923.68, 1674.91, 187.11
1617, 977.35, 1592.92, 192.55
1618, 981.13, 1618.40, 190.29
1619, 469.52, 1624.04, 188.31
1620, 352.28, 813.18, 304.35
1621, 962.53, 1871.47, 171.26
1622, 195.85, 862.75, 272.62
1623, 491.51, 1201.26, 238.96
1624, 574.47, 1850.65, 172.41
1625, 477.14, 1871.77, 168.90
1626, 779.81, 1672.09, 188.26
1627, 628.58, 1700.62, 185.11
1628, 336.99, 929.62, 274.54
1629, 751.00, 1402.02, 216.20
1630, 178.37, 1706.61, 168.87
1631, 898.82, 1039.09, 256.82
1632, 479.31, 1687.18, 183.04
1633, 934.90, 1901.40, 169.57
1634, 610.62, 1880.84, 170.60
1635, 735.40, 1867.82, 173.13
1636, 140.54, 967.55, 247.98
1637, 281.66, 1190.36, 224.96
1638, 442.11, 1048.38, 262.12
1639, 611.16, 1675.52, 186.92
1640, 411.90, 1701.47, 179.59
1641, 994.53, 1915.40, 167.21
1642, 842.17, 1061.06, 257.70
1643, 1071.55, 1895.69, 165.43
1644, 1060.13, 1907.87, 165.46
1645, 220.93, 1463.45, 192.03
1646, 185.08, 1673.45, 172.43
1647, 691.07, 1615.80, 193.78
1648, 1058.63, 1883.14, 166.81
1649, 236.27, 1029.35, 244.73
1650, 520.42, 1331.00, 222.19
1651, 464.55, 1823.55, 171.58
1652, 193.16, 972.61, 249.85
1653, 153.13, 1540.17, 181.80
1654, 667.62, 1732.90, 182.70
1655, 805.83, 1136.99, 250.40
1656, 381.73, 1265.87, 223.53
1657, 265.95, 892.42, 272.29
1658, 806.21, 1609.21, 193.96
1659, 1076.91, 1699.13, 181.47
1660, 797.41, 975.03, 275.76
1661, 174.01, 873.39, 267.62
1662, 750.97, 1836.10, 175.40
1663, 750.54, 1860.47, 173.67
1664, 414.45, 943.93, 279.82
1665, 691.39, 1148.67, 252.11
1666, 820.36, 950.11, 279.37
1667, 644.42, 1757.84, 180.72
1668, 381.18, 1450.41, 201.82
1669, 1055.13, 1054.02, 247.58
1670, 665.34, 1773.53, 179.65
1671, 830.01, 1266.16, 230.14
1672, 1067.79, 1006.54, 251.63
1673, 1058.63, 1883.14, 166.81
1674, 269.90, 966.39, 259.31
1675, 236.06, 1610.84, 180.37
1676, 655.85, 737.56, 337.77
1677, 996.86, 1551.96, 196.87
1678, 540.20, 1219.31, 239.08
1679, 732.11, 1249.72, 235.09
1680, 1003.04, 1818.16, 174.37
1681, 1013.70, 1807.65, 174.95
1682, 190.79, 1832.18, 159.24
1683, 550.61, 1796.18, 175.75
1684, 206.65, 1778.76, 165.19
1685, 695.03, 1897.24, 170.67
1686, 662.80, 1667.12, 188.96
1687, 385.63, 424.14, 446.77
1688, 138.95, 1292.01, 204.46
1689, 529.54, 1887.69, 168.77
1690, 740.22, 829.11, 311.06
1691, 653.61, 741.36, 336.99
1692, 944.42, 1785.63, 178.17
1693, 372.75, 1518.95, 195.29
1694, 366.52, 1742.48, 174.52
1695, 710.19, 1676.03, 188.64
1696, 528.44, 1793.91, 175.79
1697, 356.78, 815.99, 303.22
1698, 984.85, 1890.14, 169.09
1699, 590.16, 1887.40, 169.96
1700, 336.99, 929.62, 274.54
1701, 991.67, 1886.66, 169.17
1702, 359.52, 1010.28, 261.10
1703, 706.95, 928.31, 289.54
1704, 995.28, 1861.25, 170.70
1705, 734.58, 1234.04, 237.10
1706, 903.47, 1908.74, 169.34
1707, 187.98, 894.33, 264.83
1708, 123.42, 932.54, 249.66
1709, 401.52, 381.48, 430.22
1710, 133.51, 962.03, 249.20
1711, 364.18, 419.76, 448.94
